Input/DEM/20m/heulengracht_20m_burnin_flume.asc
ncols         102
nrows         147
xllcorner     201810
yllcorner     159340
cellsize      20
NODATA_value  -9999
[rows 60 to 89 of 147, columns 0 to 68 of 102]
-9999 -9999 -9999 -9999 -9999 -9999 -9999 -9999 -9999 -9999 -9999 -9999 -9999 -9999 -9999 -9999 -9999 -9999 -9999 -9999 -9999 -9999 -9999 -9999 -9999 -9999 100.6431 100.757 100.4041 99.60328 98.94019 98.09843 97.22332 96.58641 96.10111 95.6898 94.94859 94.27785 93.77657 93.39453 93.0391 92.52515 92.1105 91.76395 91.3327 90.9239 90.62347 90.27434 89.78191 89.39594 89.02988 88.37566 87.89645 87.58578 87.20676 86.97492 86.84414 86.57859 86.19113 85.50175 84.76254 84.27926 83.85645 83.48347 82.95781 82.74535 82.45512 82.27164 82.26398
-9999 -9999 -9999 -9999 -9999 -9999 -9999 -9999 -9999 -9999 -9999 -9999 -9999 -9999 -9999 -9999 -9999 -9999 -9999 -9999 -9999 -9999 -9999 -9999 -9999 100.7146 100.8007 100.5458 99.88781 99.39919 98.71738 97.855 97.00816 96.32394 95.89291 95.38508 94.7959 94.20753 93.7709 93.32645 92.88027 92.44016 92.03824 91.59093 91.2543 90.94789 90.65559 90.24801 89.76441 89.44028 88.96379 88.4932 88.04688 87.64418 87.00508 86.85629 86.61281 86.10566 85.5955 85.14639 84.8982 84.69109 84.41555 83.97469 83.50742 83.14359 82.49504 82.56203 82.70851
-9999 -9999 -9999 -9999 -9999 -9999 -9999 -9999 -9999 -9999 -9999 -9999 -9999 -9999 -9999 -9999 -9999 -9999 -9999 -9999 -9999 -9999 -9999 -9999 -9999 99.2598 100.7228 100.0224 99.70438 99.21301 98.47332 97.66074 96.955 96.29868 95.77232 95.08281 94.70559 94.25383 93.85497 93.44941 92.96586 92.4611 92.04957 91.67493 91.32664 90.94746 90.6243 90.22824 89.84727 89.51668 89.13691 88.7368 88.36176 87.83282 87.28578 86.6802 86.32075 86.0625 85.68453 85.45682 85.37695 85.15078 84.84344 84.39781 83.82684 83.18418 82.69961 82.5634 82.93074
-9999 -9999 -9999 -9999 -9999 -9999 -9999 -9999 -9999 -9999 -9999 -9999 -9999 -9999 -9999 -9999 -9999 -9999 -9999 -9999 -9999 -9999 -9999 -9999 101.0691 101.0836 100.142 99.10207 99.65949 99.0034 98.22469 97.61512 96.89461 96.36238 95.65475 95.22691 94.69297 94.21543 93.76688 93.46812 93.07063 92.56598 92.12554 91.74976 91.41703 91.04433 90.69156 90.46672 90.01015 89.7416 89.23926 88.86848 88.42934 88.0066 87.38196 86.90636 86.70004 86.39731 86.04082 85.75308 85.5998 85.39867 85.08551 84.60355 83.95145 83.24055 82.73461 82.7016 83.09988
-9999 -9999 -9999 -9999 -9999 -9999 -9999 -9999 -9999 -9999 -9999 -9999 -9999 -9999 -9999 -9999 -9999 -9999 -9999 -9999 -9999 -9999 -9999 -9999 101.236 100.8375 100.3436 100.0105 99.42066 98.64183 97.73563 97.4684 96.77816 96.30953 95.71439 95.19836 94.80618 94.25816 93.77723 93.39641 92.9595 92.54597 92.22633 91.86598 91.47176 91.09473 90.77649 90.55008 90.11379 89.81168 89.35527 88.95941 88.45941 87.93758 87.47195 87.20718 86.94601 86.62824 86.34598 86.07631 85.84274 85.66977 85.37391 84.88277 84.23476 83.59582 82.86516 82.95543 83.34008
-9999 -9999 -9999 -9999 -9999 -9999 -9999 -9999 -9999 -9999 -9999 -9999 -9999 -9999 -9999 -9999 -9999 -9999 -9999 -9999 -9999 -9999 -9999 101.2935 101.2697 100.8672 100.6232 100.0059 99.4427 98.85836 98.11516 97.48559 96.7739 96.22656 95.61465 95.06168 94.63855 94.23668 93.86156 93.46004 92.92097 92.48172 92.26672 91.94218 91.5518 91.17656 90.90258 90.57984 90.31171 89.84969 89.41074 88.97942 88.5136 88.06934 87.78699 87.44942 87.1105 86.8052 86.61793 86.44137 86.22934 85.98887 85.57031 84.98875 84.26898 83.62028 83.05246 83.29012 83.74554
-9999 -9999 -9999 -9999 -9999 -9999 -9999 -9999 -9999 -9999 -9999 -9999 -9999 -9999 -9999 -9999 -9999 -9999 -9999 -9999 -9999 -9999 -9999 101.452 101.2646 100.9785 100.5491 99.9998 99.4532 98.8045 98.23133 97.6909 96.99468 96.32117 95.75959 95.13797 94.63871 94.11418 93.67242 93.35797 92.93203 92.6098 92.33894 91.88145 91.55449 91.23496 91.01422 90.60379 90.35133 89.82879 89.40707 88.97164 88.57184 88.21761 87.9605 87.64125 87.31434 87.0566 86.84141 86.62196 86.40359 86.1134 85.64 84.97035 84.46465 83.58125 83.29816 83.66414 84.28274
-9999 -9999 -9999 -9999 -9999 -9999 -9999 -9999 -9999 -9999 -9999 -9999 -9999 -9999 -9999 -9999 -9999 -9999 -9999 -9999 -9999 -9999 -9999 101.4623 101.2774 100.9682 100.4481 99.97105 99.32664 98.73804 98.25696 97.63711 97.01063 96.62363 95.83713 95.26688 94.7727 94.25719 93.61234 93.14008 92.825 92.57484 92.28383 91.86086 91.50211 91.23653 90.94227 90.72855 90.27035 89.77946 89.38617 88.95984 88.6793 88.26102 87.86184 87.69332 87.54523 87.33199 87.03953 86.7488 86.41102 86.06519 85.41808 84.80321 84.07894 83.55309 83.57422 83.91484 84.55812
-9999 -9999 -9999 -9999 -9999 -9999 -9999 -9999 -9999 -9999 -9999 -9999 -9999 -9999 -9999 -9999 -9999 -9999 -9999 -9999 -9999 -9999 101.562 101.5965 101.3581 100.8018 100.2441 99.76645 99.08828 98.54457 98.02035 97.4209 96.87933 96.4752 95.90803 95.36633 94.83316 94.24746 93.67051 93.05238 92.68129 92.30594 91.89434 91.70902 91.45832 91.19859 90.83883 90.61082 90.1407 89.74973 89.40426 89.11472 88.75039 88.38726 87.9798 87.73422 87.53039 87.27812 87.0491 86.74152 86.37039 85.89176 85.18227 84.53367 83.90789 83.79902 84.01852 84.54922 85.10976
-9999 -9999 -9999 -9999 -9999 -9999 -9999 -9999 -9999 -9999 -9999 -9999 -9999 -9999 -9999 -9999 -9999 -9999 -9999 -9999 -9999 -9999 101.9853 101.9048 101.4857 100.7344 100.0962 99.62387 98.82214 98.28191 97.79832 97.37312 96.92558 96.3493 95.75758 95.25472 94.73004 94.1739 93.71352 93.21433 92.85707 92.35652 92.02578 91.58137 91.27355 91.10066 90.76574 90.55469 90.01004 89.68472 89.46371 89.2336 88.75172 88.34113 88.05809 87.85269 87.53105 87.20399 86.93789 86.64467 86.21703 85.57617 84.98476 84.37894 84.27145 84.29617 84.62039 85.20515 85.88797
-9999 -9999 -9999 -9999 -9999 -9999 -9999 -9999 -9999 -9999 -9999 -9999 -9999 -9999 -9999 -9999 -9999 -9999 -9999 -9999 -9999 -9999 102.2253 102.0862 101.5082 100.666 100.1346 99.57668 98.75191 98.1916 97.61726 97.08289 96.78242 96.22684 95.72242 95.1991 94.59418 94.14133 93.70062 93.27011 92.92113 92.56808 92.12102 91.64348 91.26054 91.0234 90.46039 90.33527 90.00269 89.64313 89.44102 89.15543 88.76672 88.44601 88.18195 87.90418 87.56625 87.2418 86.92242 86.59588 86.04417 85.31484 84.72957 84.43735 84.60926 84.89039 85.45699 85.74051 86.47442
-9999 -9999 -9999 -9999 -9999 -9999 -9999 -9999 -9999 -9999 -9999 -9999 -9999 -9999 -9999 -9999 -9999 -9999 -9999 -9999 -9999 -9999 102.0977 101.9456 101.3865 100.7239 100.1538 99.22773 98.53996 98.11207 97.62137 97.07617 96.60285 96.09851 95.64017 95.10449 94.58481 94.1423 93.69187 93.32558 92.98734 92.63071 92.22352 91.90797 91.47511 90.88351 90.6161 90.12492 89.68422 89.72324 89.39391 89.09113 88.72668 88.41383 88.11379 87.86777 87.53906 87.17977 86.84523 86.47305 85.90485 85.19992 84.93235 84.88852 85.08039 85.70348 85.9957 86.32437 86.9143
-9999 -9999 -9999 -9999 -9999 -9999 -9999 -9999 -9999 -9999 -9999 -9999 -9999 -9999 -9999 -9999 -9999 -9999 -9999 -9999 -9999 101.9359 102.007 101.8327 101.2609 100.4884 99.73055 99.08039 98.5375 98.0591 97.55093 97.12122 96.61008 96.00699 95.53984 95.03348 94.60906 94.25652 93.81422 93.42703 93.10918 92.66196 92.29375 91.93282 91.50375 91.28195 90.70605 90.43372 90.05543 89.49844 89.13641 89.18313 88.71754 88.532 88.15778 87.72269 87.3059 86.92676 86.57403 86.19815 85.65082 85.19398 85.11691 85.20023 85.60938 86.23801 86.45391 86.86964 87.60847
-9999 -9999 -9999 -9999 -9999 -9999 -9999 -9999 -9999 -9999 -9999 -9999 -9999 -9999 -9999 -9999 -9999 -9999 -9999 -9999 -9999 101.9666 101.8525 101.6841 101.2546 100.4382 99.8607 99.30867 98.65848 97.92121 97.52246 97.01887 96.45949 96.00371 95.36313 94.93473 94.52644 94.18352 93.90094 93.51535 93.10164 92.62129 92.23145 91.85597 91.42086 91.13274 90.7859 90.50433 90.06844 89.6245 89.27137 88.82918 88.43567 88.6868 88.19231 87.82887 87.1173 86.67578 86.31649 85.99134 85.59582 85.2889 85.46824 85.6891 86.09718 86.47149 87.00055 87.65934 88.36378
-9999 -9999 -9999 -9999 -9999 -9999 -9999 -9999 -9999 -9999 -9999 -9999 -9999 -9999 -9999 -9999 -9999 -9999 -9999 -9999 -9999 102.1656 102.0261 101.7091 101.2227 100.6672 100.104 99.65664 98.80492 98.09371 97.47457 96.91863 96.49097 95.90074 95.40279 94.95602 94.50407 94.06242 93.67113 93.31297 92.96082 92.64117 92.21852 91.75562 91.53695 91.0323 90.79929 90.44489 89.9884 89.59613 89.18875 88.81957 88.53757 88.1336 87.77644 88.23891 87.27453 86.82105 86.31566 85.83143 85.72118 85.38383 86.71101 86.02082 86.34215 86.7091 87.40929 88.40125 89.17101
-9999 -9999 -9999 -9999 -9999 -9999 -9999 -9999 -9999 -9999 -9999 -9999 -9999 -9999 -9999 -9999 -9999 -9999 -9999 -9999 -9999 102.2955 102.2073 101.8279 101.3701 100.7966 100.3583 99.82883 99.06867 98.24449 97.69973 97.08418 96.50488 95.83141 95.31662 94.94301 94.37325 94.0084 93.55238 93.13781 92.80231 92.58179 92.18719 91.70695 91.39914 91.05148 90.75114 90.27242 89.8643 89.48684 89.10945 88.76855 88.47379 88.09469 87.70836 87.38141 87.37965 87.77512 86.54832 86.16724 85.77734 85.40871 86.05769 86.37691 86.65938 87.13816 88.0007 88.96766 89.91
-9999 -9999 -9999 -9999 -9999 -9999 -9999 -9999 -9999 -9999 -9999 -9999 -9999 -9999 -9999 -9999 -9999 -9999 -9999 -9999 -9999 102.5335 102.2947 101.8094 101.387 100.9292 100.4385 99.86164 99.2975 98.58969 98.02464 97.22848 96.59106 95.91985 95.39973 94.80848 94.28836 93.89137 93.47754 93.10633 92.7823 92.52762 92.04617 91.90977 91.44633 91.03691 90.58582 90.13242 89.8114 89.43492 89.10442 88.82801 88.48012 88.00203 87.63106 87.30793 87.18547 87.10176 86.88504 87.45266 86.14597 86.69016 86.28136 86.64816 87.01223 87.67274 88.61621 89.533 90.46676
-9999 -9999 -9999 -9999 -9999 -9999 -9999 -9999 -9999 -9999 -9999 -9999 -9999 -9999 -9999 -9999 -9999 -9999 -9999 -9999 102.5638 102.5762 102.3528 101.8976 101.4445 101.0029 100.3771 99.89273 99.29027 98.50363 97.7618 97.22547 96.42023 95.84266 95.42152 94.86969 94.39652 93.87981 93.43211 93.0918 92.84051 92.4416 92.00098 91.70746 91.33223 90.94672 90.55688 90.12601 89.77355 89.41699 89.13637 88.85285 88.44656 87.96606 87.58332 87.24164 87.04508 87.03722 86.96832 86.88097 86.5383 87.59863 86.73383 86.92766 87.43797 88.26766 89.17899 90.02157 91.0943
-9999 -9999 -9999 -9999 -9999 -9999 -9999 -9999 -9999 -9999 -9999 -9999 -9999 -9999 -9999 -9999 -9999 -9999 -9999 -9999 102.7752 102.747 102.2474 101.9197 101.5163 100.8984 100.3138 99.70074 98.90317 98.33051 97.59586 96.91739 96.33109 95.93934 95.45061 94.80782 94.46543 94.01434 93.42176 93.04156 92.82668 92.31786 92.10359 91.67856 91.29273 90.79492 90.42066 90.16238 89.8743 89.45125 89.15617 88.81203 88.38043 87.98316 87.58785 87.25215 86.98285 86.77731 86.98942 86.84701 86.93063 87.37621 88.06812 87.49329 87.91727 88.60039 89.62363 90.51336 91.8252
-9999 -9999 -9999 -9999 -9999 -9999 -9999 -9999 -9999 -9999 -9999 -9999 -9999 -9999 -9999 -9999 -9999 -9999 -9999 102.6017 102.6319 102.6239 102.3007 101.8809 101.4146 100.7039 100.0741 99.46578 98.75961 98.05164 97.41325 96.78 96.23949 95.6327 95.25742 94.94348 94.44379 94.33734 93.45285 93.10797 92.56715 92.28512 92.03211 91.80121 91.22598 90.74082 90.32699 90.01055 89.73922 89.59164 89.22656 88.70187 88.32656 87.93484 87.61481 87.21988 87.05672 86.91547 87.15547 86.92201 87.13133 87.49973 88.01515 88.27289 89.03539 89.38808 90.07504 91.02648 92.49023
-9999 -9999 -9999 -9999 -9999 -9999 -9999 -9999 -9999 -9999 -9999 -9999 -9999 -9999 -9999 -9999 -9999 -9999 -9999 102.3957 102.2316 102.4146 102.2564 101.7914 101.1674 100.5062 99.83832 99.19922 98.34426 97.67766 97.09524 96.60863 96.09121 95.42473 95.00592 94.55117 94.37922 93.96825 93.525 93.48602 92.74418 92.41582 92.06844 91.77441 91.25508 90.73699 90.27235 89.93156 89.67418 89.47809 89.06672 88.69067 88.3677 88.00832 87.70691 87.36562 86.95985 87.0377 86.95918 87.18027 87.53457 87.79188 88.21461 88.63844 89.11758 89.53543 90.01614 91.57102 92.64543
-9999 -9999 -9999 -9999 -9999 -9999 -9999 -9999 -9999 -9999 -9999 -9999 -9999 -9999 -9999 -9999 -9999 -9999 -9999 -9999 102.2875 102.5488 102.2307 101.6379 100.9916 100.2986 99.51168 98.81527 98.05168 97.3859 96.86988 96.35239 95.78555 95.30481 94.86393 94.47273 94.03422 93.58231 93.43938 93.27488 93.18973 92.43219 91.96781 91.48863 91.05789 90.57879 90.24609 89.90586 89.67426 89.49051 89.02473 88.61735 88.40047 88.1777 87.86875 87.52325 87.17539 87.02375 87.1357 87.42002 87.81359 88.35289 88.5243 88.95618 89.64656 90.47293 91.25273 91.62504 90.80386
-9999 -9999 -9999 -9999 -9999 -9999 -9999 -9999 -9999 -9999 -9999 -9999 -9999 -9999 -9999 -9999 -9999 -9999 103.0358 102.965 102.7557 102.5829 102.1095 101.4775 100.8618 100.0707 99.36337 98.44614 97.78722 97.23719 96.73086 96.14317 95.45808 95.04813 94.72324 94.33769 93.78886 93.44207 93.19734 93.05421 92.69258 92.07703 91.76375 91.2909 90.81004 90.38156 90.04606 89.89602 89.69059 89.30746 88.83656 88.54887 88.35801 88.14281 87.72848 87.33453 87.17937 87.16688 87.44859 87.76984 88.24285 88.56574 88.89993 89.42328 90.21484 91.27293 92.48633 93.47074 94.20851
-9999 -9999 -9999 -9999 -9999 -9999 -9999 -9999 -9999 -9999 -9999 -9999 -9999 -9999 -9999 -9999 -9999 -9999 103.1625 103.1518 102.7195 102.347 101.8781 101.2748 100.6096 99.79238 98.99136 98.25117 97.55707 97.13066 96.52902 95.86086 95.21692 94.84305 94.45537 94.07024 93.64855 93.28203 93.11761 93.10289 92.44367 91.97676 91.53429 91.05437 90.63582 90.26883 89.96996 89.77125 89.35899 88.9632 88.67078 88.40649 88.16316 87.84727 87.51176 87.22926 87.19332 87.29449 87.63473 88.14124 88.5543 88.83723 89.23176 89.96606 90.94778 92.05485 93.3782 94.36039 94.88348
-9999 -9999 -9999 -9999 -9999 -9999 -9999 -9999 -9999 -9999 -9999 -9999 -9999 -9999 -9999 -9999 -9999 -9999 103.1 103.0397 102.1646 101.5933 101.3144 100.9791 100.2523 99.58105 98.80032 98.09117 97.35703 96.80679 96.36969 95.6207 95.13062 94.5959 94.09853 93.75184 93.45047 93.19262 92.97723 92.66859 92.06664 91.76848 91.34031 90.84101 90.47601 90.15031 89.90688 89.67136 89.21105 88.8482 88.44129 88.15926 87.8446 87.60887 87.29211 87.33215 87.48273 87.49101 87.90961 88.38299 88.7814 89.2293 89.78773 90.54809 91.53508 92.81344 93.99453 94.75359 95.31094
-9999 -9999 -9999 -9999 -9999 -9999 -9999 -9999 -9999 -9999 -9999 -9999 -9999 -9999 -9999 -9999 -9999 102.9466 103.0665 102.9089 102.3154 100.752 100.0713 99.92394 99.74891 99.1318 98.45914 97.75266 97.10809 96.55379 95.99051 95.43215 94.98235 94.45449 93.9257 93.50516 93.11102 92.91449 92.68726 92.30961 91.9445 91.68043 91.2234 90.68851 90.37125 90.05356 89.80317 89.58207 89.17293 88.76957 88.45 88.06637 87.70707 87.51918 87.42219 87.63618 87.90586 87.8116 88.14355 88.61824 88.98273 89.48524 90.26563 91.05777 92.15676 93.30988 94.39031 95.04293 95.63285
-9999 -9999 -9999 -9999 -9999 -9999 -9999 -9999 -9999 -9999 -9999 -9999 -9999 -9999 -9999 -9999 102.8376 102.9697 102.9485 102.8008 102.3349 101.0251 99.48723 98.77559 98.66199 98.54485 98.06805 97.37379 96.83273 96.31425 95.67129 95.1713 94.69286 94.25961 93.85359 93.38762 93.02039 92.7543 92.52152 92.09852 91.86856 91.62371 91.07914 90.54695 90.21062 89.98207 89.81106 89.58878 89.06574 88.7109 88.40258 88.01418 87.79883 87.62285 87.66234 87.97008 88.00929 88.11797 88.37141 88.69119 89.1393 89.83715 90.59074 91.55386 92.67547 93.83977 94.69813 95.37367 95.86871
-9999 -9999 -9999 -9999 -9999 -9999 -9999 -9999 -9999 -9999 -9999 -9999 -9999 -9999 -9999 102.6196 102.8997 102.9016 102.7408 102.5431 102.0691 101.2598 100.1037 98.64379 97.28473 97.59629 97.47164 97.02782 96.55633 95.88234 95.37 94.81242 94.35383 94.07594 93.72525 93.32215 93.00715 92.59137 92.2179 92.00672 91.77058 91.33082 90.86004 90.47277 90.11098 89.84274 89.72742 89.47215 89.06281 88.70168 88.33273 88.04332 87.8325 87.93535 88.02222 88.29957 88.18601 88.29742 88.548 88.87002 89.33137 90.1907 91.00957 92.09871 93.13687 94.14906 94.94172 95.57355 96.00348
-9999 -9999 -9999 -9999 -9999 -9999 -9999 -9999 -9999 -9999 -9999 -9999 -9999 -9999 -9999 102.6854 102.7043 102.5973 102.3653 102.117 101.6373 100.9457 100.1054 99.14719 97.90594 96.79578 96.42559 96.44137 96.14707 95.61086 95.03269 94.54414 94.18426 93.86742 93.5071 93.26566 93.01082 92.67199 92.28481 91.98117 91.61199 91.16183 90.75031 90.4382 90.10535 89.86739 89.62902 89.2668 88.95867 88.63937 88.28152 88.11258 87.95648 88.11141 88.26546 88.35793 88.54543 88.72406 88.92793 89.23428 89.80785 90.55719 91.47894 92.62286 93.58879 94.42445 95.24871 95.77793 96.21758
-9999 -9999 -9999 -9999 -9999 -9999 -9999 -9999 -9999 -9999 -9999 101.045 101.3054 -9999 102.3802 102.6634 102.6663 102.43 102.053 101.5882 101.0966 100.4252 99.73524 98.96418 98.31598 97.10637 96.20266 95.28086 95.56523 95.31 94.82051 94.36562 94.08527 93.70032 93.42379 93.21597 92.96156 92.73907 92.38844 92.07301 91.58246 90.92613 90.65313 90.55582 90.19332 89.96328 89.69141 89.3848 89.0643 88.69344 88.37774 88.0791 88.30875 88.33609 88.36304 88.48847 88.66246 88.99492 89.33051 89.68205 90.28024 91.01445 92.0016 93.01793 93.96219 94.78391 95.62016 96.11289 96.50363
