Input/DEM/20m/heulengracht_20m_burnin_flume.asc
ncols         102
nrows         147
xllcorner     201810
yllcorner     159340
cellsize      20
NODATA_value  -9999
[rows 90 to 119 of 147, columns 0 to 68 of 102]
-9999 -9999 -9999 -9999 -9999 -9999 -9999 -9999 -9999 -9999 -9999 101.1597 101.5292 102.003 102.4136 102.5076 102.4713 102.2859 101.7901 101.2693 100.6333 99.92195 99.32566 98.73445 98.14285 97.34879 96.57903 95.71676 94.81367 94.73129 94.4948 94.38895 94.06426 93.68504 93.50195 93.24622 93.03648 92.64906 92.29031 92.00249 91.48375 90.96265 90.62566 90.2891 90.10188 89.95148 89.63984 89.37254 89.04063 88.6991 88.40035 88.27668 88.42168 88.4832 88.52351 88.65301 88.88418 89.12387 89.56898 89.98853 90.59125 91.35602 92.29504 93.47231 94.39453 95.15863 95.9791 96.38117 96.75488
-9999 -9999 -9999 -9999 -9999 -9999 -9999 -9999 -9999 -9999 100.8005 101.1313 101.5995 101.9344 102.2484 102.0383 101.8875 101.6515 101.2936 100.8768 100.2347 99.51981 98.94609 98.43527 97.62289 97.05164 96.55648 96.06477 95.36015 94.55484 93.96734 94.1302 93.96008 93.72063 93.52726 93.33832 93.09699 92.68851 92.21234 91.79203 91.40004 91.02336 90.62625 90.32437 90.15328 90.14789 89.66515 89.23907 88.98445 88.73074 88.44847 88.66461 88.60164 88.69141 88.87515 88.94414 89.17707 89.46285 89.81375 90.21719 90.95777 91.58121 92.30012 93.63531 94.59023 95.40621 96.23148 96.78184 97.15836
-9999 -9999 -9999 -9999 -9999 -9999 -9999 -9999 -9999 -9999 100.779 101.0902 101.4551 101.6637 101.7379 101.6642 101.3857 101.0319 100.6642 100.1705 99.63946 99.10593 98.58015 98.13242 97.36375 96.7811 96.32254 95.9118 95.44109 94.99578 94.3991 93.77821 93.60308 93.47472 93.48594 93.30656 93.06848 92.67188 92.21754 91.73734 91.28309 90.92609 90.62316 90.28101 90.30629 90.00082 89.66122 89.31699 88.98707 88.86684 88.84644 88.77797 88.76789 88.85442 89.01668 89.33832 89.64703 89.97539 90.22023 90.67979 91.37289 92.20417 93.06414 93.97758 94.64902 95.54281 96.37016 97.08137 97.48012
-9999 -9999 -9999 -9999 -9999 -9999 -9999 -9999 -9999 -9999 100.49 100.783 101.0468 101.1396 101.2554 101.11 100.8047 100.4881 100.0248 99.53809 99.10883 98.5682 98.14582 97.46492 97.06277 96.62816 96.11957 95.7664 95.41356 95.1407 94.80055 94.23293 93.63746 93.0293 93.24842 93.10652 92.95742 92.59906 92.11969 91.66122 91.25101 90.83668 90.57504 90.45426 90.21867 89.78984 89.44723 89.19312 88.99043 88.90129 89.05898 88.84926 88.92641 89.0359 89.22426 89.55211 90.07238 90.3316 90.6732 91.24992 91.97157 92.76863 93.88399 94.49422 95.0682 95.90199 96.71289 97.43016 97.89211
-9999 -9999 -9999 -9999 -9999 -9999 -9999 -9999 -9999 100.1567 100.3062 100.5161 100.5629 100.6675 100.6998 100.5165 100.0927 99.70871 99.39445 98.99335 98.66797 98.23317 97.96102 97.34277 96.89078 96.50687 96.0218 95.69582 95.44113 95.23714 94.83215 94.39457 93.97504 93.40211 92.77567 92.71317 92.60211 92.43176 92.04485 91.57934 91.20574 90.89711 90.55012 90.5309 90.05058 89.6334 89.45231 89.30102 89.12977 89.26902 89.21473 89.18043 89.20586 89.26352 89.49516 89.96844 90.36711 90.69074 91.10664 91.68453 92.4525 93.51476 94.36352 95.08664 95.78125 96.47988 97.12738 97.84926 98.39035
-9999 -9999 -9999 -9999 -9999 -9999 -9999 -9999 -9999 99.76672 100.0566 100.3461 100.2857 100.2598 100.1476 99.88215 99.52367 99.15379 98.91242 98.64011 98.23395 97.93289 97.65942 97.39355 97.01187 96.45625 95.98695 95.74023 95.60156 95.23695 94.84613 94.48071 94.11769 93.69109 93.12187 92.60488 92.30359 92.26942 91.89336 91.51348 91.14066 90.80852 90.75008 90.45852 90.04317 89.77422 89.61035 89.47457 89.43312 89.4416 89.36883 89.39883 89.53844 89.80058 89.9152 90.35305 90.67969 91.00211 91.5132 92.21207 93.07726 94.07344 94.82883 95.6293 96.39418 97.27879 97.82375 98.39398 98.44203
-9999 -9999 -9999 -9999 -9999 -9999 -9999 -9999 99.63129 99.50488 99.70097 99.9743 100.0352 99.87543 99.5998 99.33023 99.06383 98.81613 98.49696 98.32254 98.00121 97.82422 97.44196 97.11715 96.92328 96.57305 96.1734 95.83543 95.61078 95.10464 94.73164 94.46348 94.1432 93.84515 93.35578 92.77312 92.38226 91.9864 91.89024 91.4532 91.16922 90.85957 90.80894 90.42902 90.16769 90.01289 89.86375 89.79684 89.75555 89.60105 89.47379 89.49715 89.6307 89.91863 90.33738 90.59778 91.08293 91.54086 92.00641 92.74522 93.88129 94.6657 95.32641 96.19376 97.16668 97.91988 98.51969 98.95871 98.76129
-9999 -9999 -9999 -9999 -9999 -9999 -9999 -9999 99.75039 99.5617 99.62801 99.5945 99.60812 99.56203 99.25472 98.91605 98.6461 98.47516 98.21243 97.89817 97.70875 97.65109 97.24937 96.95832 96.67457 96.3925 96.1516 96.00527 95.50074 94.9048 94.54613 94.36227 94.10269 93.7961 93.31068 92.92036 92.465 92.06898 91.90184 91.66332 91.21309 90.99512 90.74261 90.44321 90.24789 90.20071 90.13438 90.06926 89.94129 89.70898 89.67219 89.73933 89.85949 90.21269 90.68199 91.00282 91.41129 91.86675 92.54797 93.2791 94.26859 95.12262 96.0868 96.96871 97.69801 98.37578 99.15332 99.17098 -9999
-9999 -9999 -9999 -9999 -9999 -9999 -9999 99.81348 99.90805 99.69765 99.59457 99.52523 99.30586 99.1525 99.00223 98.71617 98.43304 98.18617 97.90891 97.64906 97.5059 97.22547 97.06965 96.86078 96.53015 96.20394 95.95399 95.71934 95.32933 94.99062 94.5891 94.29242 94.03825 93.61597 93.26265 92.87113 92.48856 92.13219 91.92133 91.6209 91.69859 91.4307 90.76059 90.51063 90.38039 90.36761 90.31028 90.13106 90.0884 89.97387 89.91395 89.96551 90.155 90.5584 91.11043 91.45551 91.83133 92.38465 93.09285 93.97408 94.83691 95.69168 96.61625 97.56871 98.20477 98.77477 99.44043 -9999 -9999
-9999 -9999 -9999 -9999 -9999 -9999 -9999 -9999 100.0273 100.0285 99.81449 99.48117 99.20863 98.98914 98.88926 98.74508 98.42973 98.03414 97.73714 97.52367 97.605 97.31141 97.09348 96.81106 96.44906 96.1516 95.91891 95.50313 95.10051 94.77285 94.66797 94.45773 93.97254 93.52016 93.1576 92.80086 92.50297 92.19277 91.95023 91.62782 91.42207 91.50403 91.31824 90.78265 90.53844 90.49105 90.40102 90.09261 90.28785 90.24738 90.2352 90.26121 90.39703 90.8859 91.40894 91.84348 92.29449 92.9225 93.73883 94.48385 95.37094 96.36773 97.34371 98.11855 98.77285 99.23012 99.63399 -9999 -9999
-9999 -9999 -9999 -9999 -9999 -9999 -9999 -9999 -9999 -9999 100.1584 99.77769 99.3439 99.03418 98.82789 98.61938 98.45195 98.13808 97.7977 97.63551 97.40266 97.20277 97.05145 96.82348 96.42902 96.17926 95.80133 95.40211 95.07496 94.7743 94.52043 94.34589 93.94601 93.66586 93.28756 92.90125 92.5443 92.24777 91.67918 91.59703 91.33734 91.2491 91.26664 91.12254 90.82328 90.68449 90.44258 90.34969 90.52605 90.54523 90.67149 90.75348 90.8866 91.33598 91.79504 92.21922 92.73563 93.3859 94.18481 95.07162 95.90469 96.95133 97.90813 98.68395 99.19109 99.79539 -9999 -9999 -9999
-9999 -9999 -9999 -9999 -9999 -9999 -9999 -9999 -9999 -9999 100.0928 100.0924 99.7875 99.15578 98.88597 98.53367 98.35723 98.2018 97.88524 97.69473 97.41621 97.19695 96.96504 96.75492 96.41625 96.15269 95.71914 95.34531 95.10503 94.80066 94.46797 94.23305 93.8598 93.56484 93.23849 92.95871 92.71445 92.33977 91.95453 91.57218 91.33453 91.29039 91.20828 91.15199 91.28973 90.86398 90.65844 90.68703 90.70488 90.85801 90.9543 91.10075 91.34399 91.93192 92.32887 92.74344 93.24722 93.9575 94.77512 95.62783 96.49731 97.43407 98.26218 99.04684 99.60934 100.1061 -9999 -9999 -9999
-9999 -9999 -9999 -9999 -9999 -9999 -9999 -9999 -9999 100.4282 100.2788 100.078 99.7191 99.37399 98.98801 98.58273 98.28707 98.02527 97.75164 97.42567 97.29457 97.13274 96.94773 96.57133 96.24426 95.96285 95.61028 95.32281 95.04934 94.81812 94.51215 94.12988 93.8007 93.50383 93.14885 92.77758 92.60184 92.23445 91.97188 91.66367 91.43359 91.32531 91.28848 91.19332 91.12515 91.2402 91.25391 91.03398 91.05563 91.20297 91.35223 91.51789 91.87601 92.23969 92.73375 93.31836 93.85703 94.57645 95.3659 96.19808 97.08465 98.01801 98.72508 99.24832 99.86968 100.3511 -9999 -9999 -9999
-9999 -9999 -9999 -9999 -9999 -9999 -9999 -9999 101.1597 100.8691 100.4414 100.0809 99.55629 99.18516 98.94489 98.65926 98.26015 97.79575 97.74348 97.39024 97.07605 96.80238 96.59242 96.43153 96.11055 95.77977 95.44625 95.17368 94.95668 94.57394 94.34828 94.07824 93.76586 93.44778 93.10354 92.7923 92.54961 92.20351 91.8668 91.67934 91.54395 91.36504 91.32996 91.27027 91.13945 91.12547 91.36215 91.48325 91.465 91.54691 91.68715 91.95066 92.38597 92.7357 93.08418 93.61887 94.31746 95.11332 95.96355 96.74746 97.6293 98.52594 99.15871 99.67844 99.90203 100.2271 -9999 -9999 -9999
-9999 -9999 -9999 -9999 102.9197 102.6192 102.0532 101.5252 101.2745 101.0803 100.5554 100.0131 99.42934 98.95097 98.6907 98.5002 98.04988 97.603 97.33907 97.22485 96.87039 96.52972 96.26387 96.08629 95.86945 95.64219 95.4061 95.29043 94.89317 94.70484 94.29938 94.04988 93.74457 93.39919 93.00898 92.82372 92.52808 92.17176 91.85773 91.73668 91.5707 91.45141 91.50652 91.41121 91.30047 91.28324 91.36176 91.59219 91.84379 91.90324 91.98316 92.32304 92.80582 93.13066 93.48441 93.98785 94.6961 95.47324 96.24683 97.10188 98.01406 98.91008 99.59039 99.98504 100.1757 -9999 -9999 -9999 -9999
-9999 -9999 -9999 -9999 103.0934 102.6397 102.0334 101.6706 101.4305 100.9117 100.3988 99.89117 99.16578 98.64617 98.33168 98.11109 97.73785 97.64047 97.41367 97.22063 96.95098 96.63281 96.3657 96.0398 95.63199 95.50031 95.41957 95.30836 94.95348 94.74539 94.46741 94.15289 93.82012 93.46719 93.19363 92.97562 92.63628 92.22914 92.0123 91.92359 91.64429 91.55113 91.70906 91.54375 91.4348 91.57867 91.73489 91.96371 92.05957 92.21785 92.32918 92.68835 93.11308 93.46086 93.76804 94.26476 94.91832 95.66402 96.44117 97.29805 98.20262 99.10547 99.83511 100.1845 100.4426 -9999 -9999 -9999 -9999
-9999 -9999 -9999 103.1536 103.0124 102.6075 102.17 101.9011 101.409 100.731 100.1623 99.63211 99.05785 98.52137 98.11203 97.80742 97.51156 97.45277 97.43027 97.35348 97.11769 96.70753 96.42648 96.00468 95.68367 95.3548 95.53074 95.01539 94.89543 94.52867 94.43433 94.26988 93.89399 93.4939 93.35229 93.11551 92.65157 92.39867 92.14422 91.93578 91.69207 91.86058 91.99043 91.76386 91.77371 91.94023 92.20871 92.39313 92.5461 92.6423 92.67043 92.7091 93.23453 93.65559 94.01613 94.46481 95.07535 95.78757 96.59515 97.51366 98.46758 99.32265 99.95668 100.1983 100.3641 -9999 -9999 -9999 -9999
-9999 -9999 103.2303 103.2409 102.9806 102.6109 102.1963 101.7719 101.1833 100.6843 100.0903 99.52027 98.9391 98.4716 98.06808 97.69164 97.47711 97.27293 97.24055 97.11938 96.92145 96.77402 96.45078 95.91289 95.60766 95.49203 95.21609 94.98871 94.95336 94.52414 94.43047 94.17973 93.70922 93.41613 93.26312 92.98723 92.68188 92.3957 92.23504 92.03801 92.0516 92.34133 92.3416 92.09926 92.17097 92.34941 92.60687 92.73246 93.02351 93.15285 93.2857 93.32797 92.77824 93.72375 94.23152 94.63918 95.16375 95.92176 96.77113 97.73803 98.7466 99.57578 100.0098 100.243 -9999 -9999 -9999 -9999 -9999
-9999 -9999 103.3636 103.3228 103.0557 102.6883 102.2873 101.8201 101.133 100.473 99.80781 99.25066 98.8336 98.43293 97.95398 97.59097 97.53801 97.30008 97.07016 96.83969 96.69192 96.57433 96.31648 95.9443 95.61613 95.79137 95.20531 95.04449 94.80848 94.53394 94.41348 94.11371 93.72676 93.48863 93.2665 92.89934 92.44128 92.36188 92.27039 92.34668 92.24914 92.46555 92.66293 92.58758 92.53676 92.72332 92.9752 93.14965 93.33664 93.53265 93.78024 93.87957 93.87804 93.75199 94.26614 94.84808 95.28371 95.98496 96.86371 97.97478 99.01421 99.83894 100.1063 100.0984 -9999 -9999 -9999 -9999 -9999
-9999 -9999 103.367 103.3177 102.9214 102.6252 102.2981 101.7782 101.0482 100.2003 99.66058 99.12262 98.71133 98.26117 98.01094 97.64676 97.24414 97.01809 96.81367 96.59883 96.58098 96.42266 96.0136 95.70156 95.56731 95.42793 95.21774 95.4043 94.76262 94.54192 94.33476 94.01918 93.68883 93.42344 93.21889 92.81082 92.50176 92.46519 92.60805 92.46539 92.39492 92.56438 92.75648 92.81445 93.03683 93.16172 93.29547 93.41399 93.5743 93.82156 94.05644 94.07949 94.18883 94.36179 94.43137 94.81711 95.43449 96.11102 96.97894 98.07597 99.10004 99.8684 100.0635 99.99075 99.80988 -9999 -9999 -9999 -9999
-9999 -9999 103.2029 102.8503 102.1829 101.9273 101.7043 101.3678 100.8265 100.0872 99.52641 99.05352 98.67078 98.28574 97.89765 97.67586 97.39648 97.01285 96.58699 96.4291 96.32918 96.13242 95.77137 95.53571 95.29172 95.15988 95.2277 95.10707 94.70945 94.40153 94.15172 93.89433 93.72879 93.47457 93.13912 92.72359 92.71078 92.65121 92.86945 92.68504 92.73907 92.87863 92.8761 92.8868 93.11492 93.43086 93.68649 93.7809 93.82848 93.97672 94.15965 94.17735 94.31703 94.68629 94.81785 94.96812 94.72961 96.08516 96.9477 97.82592 98.97984 99.81035 99.94606 99.84895 100.0044 -9999 -9999 -9999 -9999
-9999 -9999 103.0777 102.1872 101.2702 100.9704 100.6093 100.3825 100.3405 99.75977 99.29305 98.95027 98.54523 98.09945 97.75348 97.26723 97.04836 96.72317 96.42973 96.26817 96.10012 95.9548 95.70653 95.50527 95.29613 95.093 94.92777 94.81731 94.56797 94.24239 93.95355 93.73426 93.51144 93.33086 93.05109 92.9375 92.93239 92.87879 93.06219 92.91879 92.94879 93.10195 93.06828 93.22047 93.42254 93.69102 93.85519 94.11868 94.27875 94.34543 94.32234 94.37972 94.54649 94.86555 94.9302 95.32285 95.62305 95.68899 96.70558 97.49304 98.71394 99.57617 99.58242 99.55883 99.29453 -9999 -9999 -9999 -9999
-9999 -9999 102.9677 102.1655 100.9599 100.401 100.0807 99.7373 99.48679 99.19227 99.0218 98.62511 98.27637 97.89625 97.78848 97.18086 96.77812 96.38574 96.07652 95.88902 95.82703 95.88547 95.62309 95.54328 95.23895 95.09386 94.82391 94.54121 94.2916 93.99469 93.76598 93.62579 93.43242 93.21765 93.09737 93.22989 93.10059 93.26836 93.34032 93.30449 93.30019 93.39727 93.4382 93.63125 93.96504 94.1418 94.56582 94.65715 94.72801 94.80832 94.89188 95.0075 95.02926 95.1475 95.27133 95.50922 95.64297 95.84246 96.09258 96.9219 98.37879 98.87871 99.02937 99.56609 99.16832 -9999 -9999 -9999 -9999
-9999 -9999 102.5488 101.9288 100.8905 100.3312 100.0888 99.72387 99.07324 98.70284 98.35597 98.02883 97.88078 97.50797 97.36984 96.94352 96.56207 96.16911 95.86488 95.71066 95.52254 95.51324 95.47688 95.44566 95.11289 95.04926 94.75223 94.37586 94.02449 93.89418 93.76203 93.61332 93.49731 93.39156 93.3876 93.40137 93.41257 93.46403 93.57824 93.95778 94.0225 94.20152 94.23367 94.0723 93.85504 94.21801 94.41231 94.5316 94.60242 94.69152 94.76972 94.93973 95.10886 95.3268 95.53305 95.65879 95.85516 96.50465 96.09422 96.08803 96.31348 96.36562 96.53954 98.49359 -9999 -9999 -9999 -9999 -9999
-9999 -9999 101.9667 101.4889 100.7461 100.2767 100.0551 99.62188 99.11855 98.56994 98.04582 97.67949 97.34316 97.10606 96.72406 96.52321 96.24637 95.95844 95.70633 95.55515 95.30441 95.2652 95.17617 95.08539 94.90539 94.81808 94.45988 94.23367 94.00343 93.97066 93.98734 94.05023 94.08566 94.06239 94.01472 94.02473 93.85949 93.87758 93.22285 93.1466 93.84996 93.85464 93.98379 94.15422 94.1548 94.26789 94.29852 94.34668 94.43551 94.58402 94.76472 95.03504 95.1898 95.42305 95.68473 95.82309 96.09265 96.88477 98.16035 99.19965 99.82352 99.83125 97.38058 -9999 -9999 -9999 -9999 -9999 -9999
-9999 -9999 101.4577 101.0674 100.4584 100.0015 99.67023 99.24207 98.83656 98.38066 97.92219 97.52234 97.13692 96.84746 96.34035 96.05992 95.80109 95.59867 95.41039 95.2616 95.07359 94.97984 94.92535 94.9209 94.84734 94.69344 94.51883 94.38692 94.44539 94.29539 94.07746 94.01699 93.93008 93.83531 93.74269 93.70098 93.62445 93.66785 93.61379 93.65137 93.69527 93.81711 93.87848 94.03797 94.11343 94.39125 94.48137 94.45493 94.59808 94.72993 95.01809 95.25125 95.45269 95.71895 96.11938 96.42633 97.02 98.15551 98.8643 99.42746 99.70508 99.69946 -9999 -9999 -9999 -9999 -9999 -9999 -9999
-9999 -9999 100.9543 100.7143 100.0322 99.3766 98.99543 98.62965 98.28364 97.93404 97.55113 97.22113 96.96844 96.53539 96.25356 95.78313 95.55574 95.5216 95.36317 95.21285 94.97176 94.92664 94.84516 94.65199 94.65359 94.52723 94.43223 94.17434 94.02058 93.98055 93.94508 94.00387 93.94024 93.85313 93.91145 93.8525 93.94382 93.76371 93.71113 93.77187 93.78207 93.86777 93.98316 94.01867 94.23743 94.40981 94.39281 94.58246 94.87644 95.04516 95.32289 95.45567 95.76942 96.11293 96.59598 97.10871 97.98246 98.86297 99.18536 99.61068 99.67899 -9999 -9999 -9999 -9999 -9999 -9999 -9999 -9999
-9999 100.5491 100.7375 100.1492 98.86153 98.39121 98.28207 97.97278 97.71871 97.42928 97.21687 96.97848 96.7177 96.33 96.13219 95.9834 95.6334 95.40688 95.26582 95.17945 95.07625 94.79636 94.6357 94.65476 94.66965 94.41528 94.14207 94.11332 94.07246 94.02328 94.0659 94.01804 94.02113 93.94734 93.87337 93.98668 94.30383 94.17676 94.03265 93.96988 93.99762 94.04012 94.13106 94.13481 94.41515 94.51316 94.52426 94.7309 95.01293 95.22961 95.52477 95.75793 96.06551 96.51836 97.08953 97.74332 98.49457 99.05219 99.51356 99.64661 99.6566 -9999 -9999 -9999 -9999 -9999 -9999 -9999 -9999
-9999 100.7122 100.6786 100.2493 99.69711 99.17328 98.53469 97.98266 97.49535 97.20002 96.72997 96.365 96.07934 95.84742 95.69735 95.45543 95.37637 95.32293 95.13078 95.12586 95.11504 94.88145 94.73863 94.70036 94.5843 94.38934 94.21234 94.12703 94.10692 94.08765 94.17145 94.14414 94.07668 94.02457 93.98271 94.1273 94.31297 94.19199 94.16868 94.18758 94.38906 94.49215 94.2893 94.45766 94.53621 94.58586 94.67664 94.94301 95.20937 95.42696 95.68918 96.02605 96.48242 96.975 97.6534 98.33621 98.73625 99.09281 99.49691 99.59887 -9999 -9999 -9999 -9999 -9999 -9999 -9999 -9999 -9999
-9999 100.738 100.638 100.3041 99.78344 99.29144 98.68285 98.06503 97.5873 97.10373 96.7391 96.3909 96.1655 95.89211 95.63895 95.40918 95.36407 95.21227 95.05734 95.03625 94.87805 94.80594 94.77746 94.72172 94.49438 94.23273 94.25285 94.31637 94.25761 94.31554 94.16352 94.30078 94.26898 94.2266 94.23525 94.45719 94.40117 94.28047 94.31191 94.34805 94.58312 94.6041 94.57813 94.71227 94.79828 94.80559 94.91316 95.22949 95.41168 95.61539 95.84731 96.38266 96.91734 97.47754 98.15109 98.68715 99.05907 99.28593 99.44133 99.47813 -9999 -9999 -9999 -9999 -9999 -9999 -9999 -9999 -9999
