Input/DEM/5m/heulengracht_5m_burn_flume.asc
ncols         405
nrows         585
xllcorner     201810
yllcorner     159345
cellsize      5
NODATA_value  -9999
[rows 238 to 271 of 585, columns 77 to 153 of 405]
-9999 -9999 -9999 -9999 -9999 -9999 -9999 -9999 -9999 -9999 -9999 -9999 -9999 -9999 -9999 -9999 -9999 -9999 -9999 -9999 -9999 -9999 -9999 -9999 -9999 -9999 -9999 -9999 -9999 -9999 -9999 -9999 100.78 100.81 100.74 100.68 100.66 100.53 100.26 100.1 99.78 99.55 99.39 99.16 99.05 98.88 98.73 98.48 98.37 98.16 97.86 97.63 97.5 97.33 97.01 96.92 96.79 96.63 96.46 96.35 96.21 96.11 96 95.94 95.82 95.67 95.51 95.35 95.2 94.91 94.61 94.73 94.42 94.28 94.04 93.91 93.94
-9999 -9999 -9999 -9999 -9999 -9999 -9999 -9999 -9999 -9999 -9999 -9999 -9999 -9999 -9999 -9999 -9999 -9999 -9999 -9999 -9999 -9999 -9999 -9999 -9999 -9999 -9999 -9999 -9999 -9999 -9999 100.76 100.7 100.71 100.81 100.62 100.58 100.41 100.17 100.06 99.7 99.5 99.34 99.15 99.09 98.83 98.68 98.41 98.17 97.98 97.86 97.53 97.42 97.21 97 96.92 96.66 96.5 96.45 96.27 96.125 96.08 95.95 95.85 95.7 95.6 95.4 95.22 95.12 94.82 94.59 94.6 94.43 94.21 94.02 93.92 93.84
-9999 -9999 -9999 -9999 -9999 -9999 -9999 -9999 -9999 -9999 -9999 -9999 -9999 -9999 -9999 -9999 -9999 -9999 -9999 -9999 -9999 -9999 -9999 -9999 -9999 -9999 -9999 -9999 -9999 -9999 -9999 100.79 100.76 100.69 100.66 100.57 100.43 100.24 99.99 99.93 99.68 99.44 99.35 99.1 99.06 98.82 98.61 98.37 98.18 97.92 97.69 97.5 97.34 97.14 96.96 96.8 96.66 96.48 96.44 96.26 96.075 96.01 95.9 95.8 95.63 95.46 95.31 95.19 95 94.62 94.78 94.54 94.36 94.19 93.91 93.91 93.79
-9999 -9999 -9999 -9999 -9999 -9999 -9999 -9999 -9999 -9999 -9999 -9999 -9999 -9999 -9999 -9999 -9999 -9999 -9999 -9999 -9999 -9999 -9999 -9999 -9999 -9999 -9999 -9999 -9999 -9999 100.82 100.71 100.81 100.67 100.63 100.49 100.38 100.2 99.95 99.75 99.6 99.5 99.31 99.1 99.08 98.75 98.52 98.38 98.09 97.86 97.64 97.44 97.2 97.08 96.83 96.7 96.59 96.39 96.37 96.12 96.035 95.97 95.85 95.82 95.6 95.44 95.32 95.09 94.86 94.79 94.64 94.47 94.33 94.12 94.05 93.9 93.79
-9999 -9999 -9999 -9999 -9999 -9999 -9999 -9999 -9999 -9999 -9999 -9999 -9999 -9999 -9999 -9999 -9999 -9999 -9999 -9999 -9999 -9999 -9999 -9999 -9999 -9999 -9999 -9999 -9999 -9999 100.8 100.69 100.66 100.59 100.48 100.38 100.16 100 99.85 99.75 99.54 99.49 99.3 99.13 98.95 98.71 98.46 98.33 98.05 97.89 97.64 97.38 97.17 96.99 96.79 96.65 96.5 96.32 96.25 96.18 96 95.99 95.85 95.68 95.48 95.41 95.22 95 94.7 94.74 94.58 94.42 94.25 94.17 94.02 93.93 93.78
-9999 -9999 -9999 -9999 -9999 -9999 -9999 -9999 -9999 -9999 -9999 -9999 -9999 -9999 -9999 -9999 -9999 -9999 -9999 -9999 -9999 -9999 -9999 -9999 -9999 -9999 -9999 -9999 100.78 -9999 100.81 100.66 100.64 100.53 100.43 100.24 100.09 99.92 99.67 99.62 99.51 99.33 99.2 99.06 98.89 98.74 98.42 98.23 97.93 97.76 97.62 97.31 97.12 96.94 96.78 96.6 96.53 96.26 96.18 96.12 95.985 95.96 95.84 95.56 95.47 95.38 95.15 94.85 94.95 94.7 94.52 94.43 94.22 94.15 94.06 93.94 93.85
-9999 -9999 -9999 -9999 -9999 -9999 -9999 -9999 -9999 -9999 -9999 -9999 -9999 -9999 -9999 -9999 -9999 -9999 -9999 -9999 -9999 -9999 -9999 -9999 -9999 -9999 100.74 100.69 100.8 100.76 100.73 100.64 100.58 100.38 100.31 100.09 99.93 99.85 99.66 99.57 99.46 99.4 99.25 99 98.86 98.66 98.33 98.12 97.93 97.73 97.52 97.34 97.13 96.96 96.75 96.54 96.42 96.21 96.23 96.01 95.9 95.9 95.81 95.57 95.45 95.24 95.04 94.8 94.83 94.72 94.54 94.39 94.28 94.21 94.1 93.94 93.86
-9999 -9999 -9999 -9999 -9999 -9999 -9999 -9999 -9999 -9999 -9999 -9999 -9999 -9999 -9999 -9999 -9999 -9999 -9999 -9999 -9999 -9999 -9999 -9999 -9999 -9999 100.75 100.68 100.69 100.74 100.66 100.54 100.43 100.21 100.06 99.97 99.82 99.76 99.58 99.55 99.39 99.39 99.16 98.93 98.83 98.56 98.32 98.18 97.89 97.65 97.49 97.26 97.02 96.9 96.77 96.54 96.38 96.24 96.08 95.99 95.865 95.84 95.71 95.61 95.44 95.22 94.91 95.03 94.84 94.61 94.6 94.23 94.29 94.22 94.13 94 93.88
-9999 -9999 -9999 -9999 -9999 -9999 -9999 -9999 -9999 -9999 -9999 -9999 -9999 -9999 -9999 -9999 -9999 -9999 -9999 -9999 -9999 -9999 -9999 -9999 -9999 -9999 100.88 100.83 100.7 100.72 100.53 100.44 100.23 100.15 99.94 99.82 99.73 99.7 99.6 99.51 99.32 99.25 99.08 98.85 98.7 98.47 98.24 98.08 97.81 97.58 97.49 97.29 97.06 96.91 96.66 96.52 96.4 96.23 96.07 96.02 95.815 95.74 95.64 95.46 95.31 94.91 94.99 94.97 94.87 94.7 94.51 94.42 94.35 94.22 94.07 94.01 93.9
-9999 -9999 -9999 -9999 -9999 -9999 -9999 -9999 -9999 -9999 -9999 -9999 -9999 -9999 -9999 -9999 -9999 -9999 -9999 -9999 -9999 -9999 -9999 -9999 -9999 -9999 100.67 100.97 100.73 100.65 100.42 100.31 100.07 99.98 99.9 99.89 99.77 99.68 99.51 99.4 99.3 99.19 99.04 98.81 98.62 98.42 98.14 98.06 97.78 97.57 97.41 97.23 97.07 96.83 96.69 96.55 96.38 96.21 96.12 96.02 95.715 95.65 95.58 95.44 95.31 95.01 95.1 94.95 94.77 94.64 94.51 94.45 94.33 94.19 94.12 94.01 93.88
-9999 -9999 -9999 -9999 -9999 -9999 -9999 -9999 -9999 -9999 -9999 -9999 -9999 -9999 -9999 -9999 -9999 -9999 -9999 -9999 -9999 -9999 -9999 -9999 -9999 -9999 -9999 -9999 100.75 100.7 100.43 100.29 100.05 99.84 99.82 99.72 99.68 99.6 99.57 99.47 99.29 99.17 99.03 98.82 98.61 98.42 98.08 97.98 97.75 97.56 97.38 97.26 97.03 96.91 96.7 96.5 96.39 96.18 96.15 95.93 95.745 95.68 95.6 95.41 95.21 95.19 95.06 94.92 94.79 94.58 94.51 94.43 94.31 94.22 94.16 94.03 93.93
-9999 -9999 -9999 -9999 -9999 -9999 -9999 -9999 -9999 -9999 -9999 -9999 -9999 -9999 -9999 -9999 -9999 -9999 -9999 -9999 -9999 -9999 -9999 -9999 -9999 -9999 -9999 -9999 -9999 -9999 100.25 100.27 100 99.89 99.8 99.73 99.67 99.57 99.45 99.38 99.21 99.07 98.95 98.69 98.51 98.32 98.1 97.93 97.71 97.54 97.36 97.16 97.01 96.89 96.67 96.56 96.4 96.27 96.15 96.05 95.72501 95.69 95.51 95.38 95.12 95.18 95.04 94.86 94.71 94.62 94.51 94.43 94.34 94.22 94.09 93.98 93.91
-9999 -9999 -9999 -9999 -9999 -9999 -9999 -9999 -9999 -9999 -9999 -9999 -9999 -9999 -9999 -9999 -9999 -9999 -9999 -9999 -9999 -9999 -9999 -9999 101.25 101.19 -9999 -9999 -9999 99.38 99.34 99.24 99.88 99.97 99.87 99.72 99.65 99.58 99.46 99.31 99.14 98.96 98.77 98.65 98.46 98.38 97.96 97.89 97.73 97.49 97.4 97.17 96.99 96.9 96.72 96.54 96.47 96.24 96.06 95.99 95.755 95.69 95.46 95.27 95.36 95.18 94.97 94.83 94.63 94.6 94.52 94.44 94.27 94.19 94.09 93.99 93.88
-9999 -9999 -9999 -9999 -9999 -9999 -9999 -9999 -9999 -9999 -9999 -9999 -9999 -9999 -9999 -9999 -9999 -9999 -9999 -9999 -9999 -9999 -9999 -9999 101.21 101.11 100.85 100.51 100.22 100.02 99.35 99.24 99.16 98.99 99.21 99.84 99.69 99.54 99.45 99.25 99.14 98.98 98.73 98.56 98.37 98.24 98.02 97.9 97.73 97.5 97.41 97.17 96.97 96.9 96.69 96.53 96.46 96.28 96.17 95.93 95.685 95.58 95.25 95.31 95.26 95.14 95 94.81 94.72 94.62 94.52 94.41 94.28 94.18 94.08 93.94 93.85
-9999 -9999 -9999 -9999 -9999 -9999 -9999 -9999 -9999 -9999 -9999 -9999 -9999 -9999 -9999 -9999 -9999 -9999 -9999 -9999 -9999 -9999 -9999 101.16 101.11 100.98 100.82 100.5 100.26 100.08 100 99.94 99.53 99.01 98.94 98.82 98.69 99.33 99.42 99.27 99.09 98.95 98.71 98.49 98.25 98.11 98.03 97.8 97.67 97.51 97.44 97.2 96.96 96.85 96.67 96.53 96.5 96.36 96.11 95.93 95.72 95.62 95.4 95.46 95.3 95.13 95.01 94.8 94.75 94.68 94.55 94.39 94.29 94.17 94.02 93.94 93.83
-9999 -9999 -9999 -9999 -9999 -9999 -9999 -9999 -9999 -9999 -9999 -9999 -9999 -9999 -9999 -9999 -9999 -9999 -9999 -9999 -9999 -9999 101.18 101.15 101.11 100.88 100.67 100.42 100.23 100.15 100.16 100.05 99.96 99.81 99.6 98.8 98.7 98.65 98.5 98.36 98.91 98.9 98.66 98.45 98.27 98.09 97.93 97.74 97.62 97.51 97.29 97.25 97 96.86 96.72 96.5 96.51 96.3 96.12 95.98 95.65 95.57 95.55 95.46 95.23 95.08 94.95 94.89 94.77 94.69 94.53 94.42 94.29 94.14 94.03 93.92 93.82
-9999 -9999 -9999 -9999 -9999 -9999 -9999 -9999 -9999 -9999 -9999 -9999 -9999 -9999 -9999 -9999 -9999 -9999 -9999 -9999 -9999 101.21 101.22 101.19 101.05 100.84 100.55 100.31 100.26 100.13 100.16 100.16 100.09 99.94 99.72 99.52 99.36 99.2 98.48 98.38 98.31 98.2 98.1 98.39 98.25 98.06 97.88 97.69 97.58 97.38 97.26 97.06 96.93 96.74 96.7 96.6 96.39 96.26 96.14 95.94 95.63499 95.57 95.59 95.44 95.27 95.14 94.99 94.93 94.85 94.69 94.55 94.43 94.3 94.16 94.05 93.93 93.82
-9999 -9999 -9999 -9999 -9999 -9999 -9999 -9999 -9999 -9999 -9999 -9999 -9999 -9999 -9999 -9999 -9999 -9999 -9999 -9999 -9999 101.24 101.21 101.14 101.01 100.75 100.45 100.35 100.29 100.33 100.3 100.25 100.09 99.93 99.81 99.68 99.48 99.29 99.07 98.9 98.67 98.13 98.03 97.95 97.79 97.66 97.9 97.77 97.58 97.4 97.18 97.01 96.8 96.74 96.58 96.5 96.33 96.19 96.1 95.84 95.72501 95.76 95.6 95.42 95.28 95.08 95.03 94.98 94.84 94.73 94.6 94.46 94.28 94.2 94.04 93.94 93.82
-9999 -9999 -9999 -9999 -9999 -9999 -9999 -9999 -9999 -9999 -9999 -9999 -9999 -9999 -9999 -9999 -9999 -9999 -9999 -9999 -9999 101.27 101.21 101.11 100.92 100.66 100.46 100.42 100.42 100.43 100.41 100.27 100.07 99.93 99.77 99.57 99.43 99.35 99.19 98.98 98.75 98.52 98.28 98.06 97.7 97.62 97.54 97.37 97.23 97.41 97.17 97.1 96.88 96.75 96.61 96.46 96.27 96.22 96.03 95.72 95.68 95.68 95.53 95.44 95.27 95.19 95.04 94.99 94.85 94.71 94.61 94.45 94.34 94.22 94.08 93.95 93.86
-9999 -9999 -9999 -9999 -9999 -9999 -9999 -9999 -9999 -9999 -9999 -9999 -9999 -9999 -9999 -9999 -9999 -9999 -9999 -9999 101.29 101.29 101.2 101.11 100.91 100.64 100.52 100.52 100.52 100.54 100.42 100.27 100.08 99.89 99.77 99.61 99.46 99.34 99.2 99.03 98.84 98.7 98.45 98.21 97.94 97.77 97.62 97.32 97.21 97.14 97 96.83 96.95 96.77 96.63 96.5 96.31 96.24 96.05 95.8 95.77499 95.67 95.53 95.42 95.16 95.18 95.07 94.97 94.83 94.74 94.58 94.46 94.33 94.24 94.11 93.99 93.86
-9999 -9999 -9999 -9999 -9999 -9999 -9999 -9999 -9999 -9999 -9999 -9999 -9999 -9999 -9999 -9999 -9999 -9999 -9999 -9999 101.33 101.25 101.21 101.05 100.82 100.67 100.61 100.59 100.56 100.5 100.43 100.22 100.07 99.89 99.78 99.65 99.49 99.34 99.17 99.04 98.87 98.7 98.49 98.27 98.11 97.82 97.78 97.53 97.44 97.19 96.95 96.85 96.78 96.64 96.49 96.55 96.48 96.26 95.96 95.89 95.59 95.53 95.44 95.26 95.14 95.12 95.01 94.91 94.82 94.71 94.6 94.48 94.32 94.2 94.1 94.04 93.92
-9999 -9999 -9999 -9999 -9999 -9999 -9999 -9999 -9999 -9999 -9999 -9999 -9999 -9999 -9999 -9999 -9999 -9999 -9999 101.32 101.29 101.24 101.15 101.02 100.88 100.8 100.71 100.7 100.65 100.54 100.39 100.22 100.05 99.89 99.78 99.67 99.52 99.42 99.27 99.08 98.95 98.75 98.54 98.37 98.19 98.04 97.94 97.73 97.63 97.43 97.15 97.03 96.8 96.56 96.48 96.42 96.28 96.11 96.01 95.82 95.595 95.5 95.36 95.17 95.13 95.02 94.93 94.77 94.72 94.61 94.57 94.46 94.34 94.23 94.11 94.06 93.93
-9999 -9999 -9999 -9999 -9999 -9999 -9999 -9999 -9999 -9999 -9999 -9999 -9999 -9999 -9999 -9999 -9999 -9999 101.31 101.32 101.31 101.2 101.15 101.04 100.92 100.86 100.82 100.78 100.66 100.55 100.39 100.2 100.07 99.92 99.78 99.66 99.51 99.4 99.3 99.09 98.95 98.74 98.58 98.36 98.3 98.07 97.82 97.64 97.51 97.31 97.11 97.08 96.82 96.71 96.6 96.4 96.22 96.1 96.04 95.87 95.555 95.48 95.46 95.3 95.14 94.98 94.84 94.72 94.61 94.57 94.4 94.35 94.26 94.21 94.06 93.99 93.91
-9999 -9999 -9999 -9999 -9999 -9999 -9999 -9999 -9999 -9999 -9999 -9999 -9999 -9999 -9999 -9999 -9999 -9999 101.36 101.33 101.27 101.22 101.11 101.01 100.98 100.92 100.87 100.83 100.7 100.55 100.35 100.2 100.06 99.97 99.81 99.61 99.53 99.4 99.28 99.08 98.95 98.76 98.58 98.47 98.16 98.09 97.99 97.84 97.68 97.53 97.36 97.23 97.04 96.92 96.7 96.54 96.35 96.11 95.99 95.79 95.65 95.62 95.44 95.26 95.13 95.07 94.86 94.73 94.67 94.46 94.39 94.24 94.19 94.15 94.03 94.02 93.9
-9999 -9999 -9999 -9999 -9999 -9999 -9999 -9999 -9999 -9999 -9999 -9999 -9999 -9999 -9999 -9999 -9999 101.41 101.38 101.35 101.29 101.18 101.12 101.05 100.98 100.94 100.9 100.8 100.68 100.52 100.35 100.22 100.1 99.97 99.78 99.7 99.52 99.39 99.24 99.08 98.94 98.75 98.6 98.54 98.37 98.26 97.98 97.97 97.8 97.56 97.25 97.08 96.89 96.71 96.61 96.42 96.27 96.16 96.05 95.98 95.675 95.61 95.39 95.3 95.21 95.04 94.85 94.71 94.67 94.46 94.39 94.27 94.18 94.02 93.87 93.85 93.83
-9999 -9999 -9999 -9999 -9999 -9999 -9999 -9999 -9999 -9999 -9999 -9999 -9999 -9999 -9999 -9999 -9999 101.44 101.41 101.39 101.3 101.23 101.14 101.05 101.01 100.94 100.87 100.8 100.68 100.49 100.4 100.25 100.09 99.93 99.8 99.64 99.54 99.39 99.23 99.06 98.89 98.72 98.63 98.41 98.29 98.13 98 97.83 97.7 97.52 97.33 97.21 97.01 96.93 96.74 96.74 96.53 96.21 96.14 95.89 95.615 95.59 95.53 95.34 95.16 95.01 94.89 94.82 94.67 94.49 94.38 94.3 94.12 94.02 93.91 93.83 93.74
-9999 -9999 -9999 -9999 -9999 -9999 -9999 -9999 -9999 -9999 -9999 -9999 -9999 -9999 -9999 -9999 101.47 101.44 101.41 101.38 101.31 101.23 101.15 101.05 101.02 100.95 100.87 100.79 100.61 100.49 100.38 100.2 100.08 99.93 99.77 99.66 99.56 99.36 99.21 99 98.83 98.74 98.55 98.41 98.3 98.15 98.15 97.94 97.82 97.69 97.52 97.33 97.16 96.95 96.76 96.66 96.34 96.3 96.17 96.02 95.77499 95.67 95.57 95.48 95.32 95.07 94.88 94.78 94.57 94.53 94.44 94.3 94.13 93.97 93.9 93.79 93.7
-9999 -9999 -9999 -9999 -9999 -9999 -9999 -9999 -9999 -9999 -9999 -9999 -9999 -9999 -9999 -9999 101.47 101.45 101.44 101.4 101.34 101.23 101.13 101.04 101.04 100.97 100.88 100.77 100.56 100.46 100.35 100.24 100.06 99.93 99.79 99.67 99.48 99.35 99.16 99 98.83 98.6 98.68 98.51 98.35 98.32 98.18 98 97.79 97.54 97.35 97.13 97 96.83 96.74 96.58 96.49 96.41 96.28 96.08 95.755 95.64 95.54 95.3 95.19 94.97 94.9 94.89 94.68 94.53 94.42 94.28 94.16 94.07 93.95 93.76 93.63
-9999 -9999 -9999 -9999 -9999 -9999 -9999 -9999 -9999 -9999 -9999 -9999 -9999 -9999 -9999 101.46 101.44 101.44 101.42 101.37 101.29 101.25 101.12 101.11 101.05 100.93 100.85 100.69 100.53 100.44 100.35 100.22 100.03 99.89 99.79 99.66 99.52 99.31 99.14 98.95 98.82 98.76 98.49 98.37 98.24 98.06 97.99 97.77 97.69 97.53 97.35 97.31 97.19 97.02 96.95 96.65 96.54 96.38 96.3 95.94 95.8 95.79 95.65 95.51 95.3 95.22 95.06 94.92 94.84 94.6 94.53 94.44 94.3 94.1 93.95 93.74 93.67
-9999 -9999 -9999 -9999 -9999 -9999 -9999 -9999 -9999 -9999 -9999 -9999 -9999 -9999 -9999 101.48 101.48 101.44 101.43 101.4 101.31 101.22 101.18 101.11 101.05 100.94 100.79 100.62 100.54 100.42 100.3 100.19 100.03 99.89 99.79 99.63 99.44 99.29 99.09 98.95 98.7 98.62 98.51 98.41 98.3 98.21 98.12 97.95 97.76 97.58 97.45 97.25 97.14 97.01 96.71 96.65 96.62 96.57 96.33 96.15 95.96 95.84 95.73 95.62 95.41 95.22 94.98 94.83 94.7 94.66 94.51 94.47 94.31 94.4 94.06 93.62 93.64
-9999 -9999 -9999 -9999 -9999 -9999 -9999 -9999 -9999 -9999 -9999 -9999 -9999 -9999 -9999 101.52 101.46 101.45 101.37 101.39 101.33 101.21 101.16 101.12 101.03 100.92 100.69 100.59 100.49 100.39 100.24 100.07 100.02 99.9 99.71 99.59 99.42 99.2 99.03 98.89 98.81 98.66 98.55 98.48 98.38 98.25 98.02 97.86 97.61 97.46 97.23 97.13 97.03 96.89 96.73 96.68 96.7 96.55 96.33 96.11 95.8 95.73 95.61 95.44 95.28 95.22 95.14 95.04 94.92 94.8 94.47 94.51 94.3 94.3 93.92 93.72 93.71
-9999 -9999 -9999 -9999 -9999 -9999 -9999 -9999 -9999 -9999 -9999 -9999 -9999 -9999 -9999 101.54 101.51 101.46 101.43 101.4 101.37 101.28 101.2 101.13 101.01 100.89 100.69 100.57 100.46 100.35 100.17 100.1 99.97 99.82 99.7 99.56 99.36 99.15 99 98.94 98.68 98.54 98.36 98.24 98.14 97.99 97.86 97.71 97.57 97.46 97.44 97.27 97.19 97 96.79 96.7 96.57 96.35 96.18 96.15 95.955 95.9 95.74 95.63 95.51 95.41 95.24 95.11 94.81 94.8 94.61 94.52 94.33 94.19 93.98 93.89 93.79
-9999 -9999 -9999 -9999 -9999 -9999 -9999 -9999 -9999 -9999 -9999 -9999 -9999 -9999 -9999 101.6 101.52 101.5 101.44 101.39 101.37 101.3 101.19 101.15 101 100.76 100.66 100.57 100.43 100.26 100.14 100.03 99.96 99.8 99.65 99.5 99.28 99.1 98.96 98.71 98.67 98.54 98.43 98.38 98.28 98.1 97.94 97.78 97.66 97.48 97.36 97.22 97.04 96.86 96.8 96.81 96.73 96.5 96.36 96.2 95.965 95.88 95.77 95.57 95.4 95.2 95.07 94.98 94.89 94.84 94.69 94.53 94.36 94.15 94.04 93.94 93.84
-9999 -9999 -9999 -9999 -9999 -9999 -9999 -9999 -9999 -9999 -9999 -9999 -9999 -9999 101.6 101.63 101.6 101.53 101.47 101.44 101.37 101.31 101.19 101.12 100.88 100.75 100.62 100.51 100.37 100.22 100.08 100.02 99.88 99.75 99.56 99.41 99.23 99.04 98.98 98.81 98.65 98.59 98.51 98.35 98.24 97.99 97.85 97.64 97.43 97.3 97.14 97.06 96.89 96.82 96.95 96.88 96.7 96.36 96.23 96.03 95.83 95.77 95.57 95.46 95.4 95.35 95.27 95.1 94.95 94.82 94.64 94.5 94.15 94.24 94.12 93.9 93.68
