Input/DEM/5m/heulengracht_5m_burn_flume.asc
ncols         405
nrows         585
xllcorner     201810
yllcorner     159345
cellsize      5
NODATA_value  -9999
[rows 340 to 373 of 585, columns 154 to 230 of 405]
92.71 92.64 92.56 92.39 92.17 92.12 92.04 91.97 91.88 91.83 91.79 91.73 91.66 91.55 91.44 91.31 91.15 91 90.85 90.73 90.59 90.52 90.46 90.38 90.3 90.24 90.16 90.07 90 89.93 89.84 89.82 89.76 89.73 89.71 89.63 89.54 89.42 89.29 89.21 89.1 89 88.93 88.8 88.71 88.64 88.58 88.51 88.43 88.31 88.21 88.08 87.96 87.89 87.8 87.71 87.67 87.69 87.59 87.54 87.51 87.41 87.25 87.38 87.51 87.47 87.53 87.65 87.77 87.83 87.87 87.92 87.92 87.85 87.82 87.82 87.87
92.64 92.51 92.41 92.32 92.14 92.06 91.98 91.94 91.91 91.83 91.77 91.72 91.66 91.58 91.44 91.26 91.1 90.99 90.8 90.68 90.59 90.49 90.42 90.37 90.27 90.23 90.14 90.04 90 89.9 89.86 89.78 89.73 89.73 89.7 89.64 89.54 89.4 89.29 89.16 89.07 88.98 88.92 88.81 88.72 88.6 88.53 88.48 88.37 88.28 88.2 88.02 87.98 87.89 87.86 87.76 87.73 87.68 87.63 87.54 87.52 87.37 87.49 87.52 87.53 87.53 87.58 87.72 87.83 87.9 87.91 87.93 87.94 87.98 87.93 87.97 87.96
92.54 92.52 92.36 92.21 92.07 92.04 91.99 91.89 91.87 91.82 91.79 91.71 91.62 91.49 91.37 91.23 91.05 90.92 90.79 90.66 90.53 90.51 90.42 90.33 90.25 90.18 90.1 90.05 89.98 89.89 89.85 89.82 89.79 89.73 89.69 89.62 89.54 89.41 89.29 89.16 89.05 88.94 88.86 88.81 88.71 88.64 88.54 88.43 88.34 88.25 88.14 88.07 87.97 87.82 87.86 87.84 87.79 87.68 87.63 87.57 87.48 87.41 87.48 87.56 87.55 87.59 87.69 87.82 87.91 88 87.99 87.96 87.95 87.99 88.01 88 88.01
92.61 92.4 92.24 92.17 92.09 92.03 91.91 91.9 91.86 91.78 91.76 91.68 91.6 91.48 91.34 91.18 91.07 90.9 90.73 90.62 90.51 90.42 90.34 90.32 90.2 90.16 90.06 90.02 89.95 89.92 89.87 89.8 89.8 89.75 89.7 89.62 89.51 89.39 89.26 89.14 89.02 88.93 88.82 88.75 88.66 88.63 88.54 88.46 88.35 88.22 88.12 88.05 87.94 87.9 87.89 87.82 87.78 87.66 87.6 87.57 87.5 87.55 87.64 87.64 87.65 87.71 87.79 87.91 87.97 87.99 88 87.95 87.97 87.97 88.03 88.09 88.14
92.42 92.31 92.23 92.12 92.03 91.99 91.97 91.9 91.84 91.77 91.73 91.63 91.56 91.42 91.27 91.13 91 90.83 90.72 90.59 90.47 90.38 90.29 90.24 90.15 90.11 90.03 90 89.95 89.9 89.87 89.82 89.81 89.75 89.72 89.63 89.52 89.4 89.25 89.12 89.01 88.92 88.84 88.75 88.64 88.59 88.48 88.43 88.36 88.25 88.12 88.02 88.03 87.9 87.79 87.84 87.74 87.65 87.62 87.52 87.59 87.66 87.75 87.72 87.74 87.81 87.89 87.95 88.03 88.01 88.04 88.02 88.06 88.02 88.06 88.07 88.15
92.31 92.23 92.22 92.14 92.05 91.99 91.92 91.87 91.84 91.75 91.64 91.57 91.48 91.34 91.21 91.06 90.94 90.82 90.68 90.58 90.47 90.37 90.27 90.19 90.13 90.05 90.01 89.99 89.93 89.89 89.84 89.84 89.79 89.75 89.7 89.64 89.52 89.41 89.25 89.13 89.03 88.91 88.81 88.73 88.66 88.59 88.42 88.39 88.3 88.23 88.15 88.03 87.97 87.95 87.92 87.82 87.75 87.69 87.64 87.65 87.7 87.74 87.79 87.81 87.89 87.96 88.04 88.08 88.1 88.06 88.07 88.02 88.05 88.07 88.07 88.12 88.13
92.31 92.26 92.12 92.08 92.06 92 91.91 91.87 91.77 91.67 91.63 91.51 91.4 91.26 91.15 91 90.88 90.77 90.65 90.56 90.43 90.37 90.23 90.16 90.09 90.01 89.99 89.91 89.86 89.85 89.82 89.77 89.77 89.73 89.67 89.56 89.49 89.37 89.24 89.15 89.03 88.94 88.83 88.71 88.63 88.57 88.47 88.36 88.28 88.19 88.11 88.06 87.95 87.96 87.91 87.86 87.75 87.7 87.69 87.73 87.81 87.92 87.93 87.9 88 88.04 88.1 88.15 88.12 88.11 88.11 88.12 88.1 88.13 88.15 88.2 88.21
92.29 92.19 92.17 92.1 91.96 91.94 91.91 91.82 91.73 91.64 91.51 91.4 91.31 91.19 91.06 90.97 90.84 90.71 90.66 90.55 90.42 90.33 90.25 90.18 90.1 89.99 89.92 89.89 89.85 89.83 89.78 89.75 89.73 89.72 89.63 89.57 89.43 89.33 89.23 89.14 89.04 88.95 88.83 88.75 88.66 88.58 88.44 88.37 88.31 88.22 88.12 88.02 88.04 87.99 87.97 87.86 87.79 87.71 87.79 88.03 87.89 87.88 87.92 87.98 88.04 88.14 88.2 88.26 88.25 88.22 88.19 88.16 88.15 88.13 88.16 88.23 88.28
92.14 92.14 92.14 92.09 92 91.97 91.76 91.75 91.73 91.63 91.46 91.42 91.18 91.11 91 90.88 90.78 90.7 90.6 90.5 90.39 90.32 90.24 90.15 90.09 90 89.93 89.85 89.82 89.76 89.75 89.7 89.69 89.65 89.57 89.49 89.4 89.29 89.19 89.11 89.01 88.93 88.84 88.74 88.64 88.55 88.48 88.36 88.26 88.18 88.07 88.04 88.04 88.04 87.92 87.85 87.83 87.87 87.85 87.99 87.98 87.99 87.97 88.02 88.13 88.2 88.28 88.31 88.3 88.29 88.26 88.22 88.26 88.26 88.29 88.28 88.39
92.19 92.12 92.01 92.05 92.01 91.96 91.84 91.8 91.56 91.51 91.41 91.31 91.14 91.04 90.95 90.89 90.72 90.67 90.56 90.5 90.39 90.31 90.21 90.14 90.09 89.99 89.93 89.87 89.81 89.74 89.73 89.67 89.63 89.56 89.49 89.41 89.32 89.26 89.15 89.07 89 88.88 88.83 88.74 88.65 88.55 88.44 88.33 88.28 88.17 88.12 88.14 88.07 88.03 87.91 87.89 87.84 87.86 88.05 88.04 87.97 88.08 87.99 88.05 88.07 88.16 88.24 88.33 88.39 88.41 88.42 88.36 88.37 88.35 88.38 88.36 88.44
92.2 92.12 92.02 91.97 91.89 91.91 91.91 91.74 91.57 91.46 91.28 91.23 91.11 90.98 90.88 90.82 90.74 90.67 90.56 90.49 90.39 90.31 90.21 90.14 90.06 89.99 89.93 89.87 89.82 89.77 89.71 89.65 89.64 89.51 89.46 89.37 89.23 89.18 89.11 89.02 88.96 88.9 88.82 88.69 88.64 88.55 88.44 88.36 88.25 88.16 88.14 88.14 88.09 88 87.95 87.97 87.93 88.09 88.03 88.02 88.07 88.01 88.11 88.08 88.13 88.2 88.29 88.33 88.4 88.4 88.45 88.45 88.47 88.48 88.48 88.53 88.57
92.21 92.13 92.06 91.96 91.92 91.83 91.73 91.74 91.63 91.46 91.28 91.21 91 90.96 90.88 90.8 90.69 90.63 90.56 90.5 90.38 90.29 90.21 90.16 90.09 89.97 89.93 89.87 89.85 89.8 89.72 89.68 89.61 89.52 89.44 89.32 89.24 89.14 89.03 89 88.93 88.84 88.8 88.68 88.6 88.5 88.43 88.34 88.26 88.2 88.15 88.14 88.08 88 88 87.93 87.94 88.13 88.12 88.11 88.18 88.14 88.14 88.21 88.19 88.16 88.24 88.3 88.34 88.44 88.47 88.53 88.55 88.6 88.62 88.67 88.69
92.26 92.16 92.1 92.05 91.97 91.86 91.67 91.62 91.47 91.41 91.32 91.16 91.02 91.02 90.8 90.73 90.7 90.6 90.49 90.48 90.39 90.31 90.27 90.17 90.1 90.03 89.96 89.86 89.85 89.8 89.77 89.7 89.62 89.52 89.43 89.34 89.24 89.16 89.06 88.99 88.91 88.83 88.76 88.68 88.6 88.46 88.39 88.31 88.27 88.22 88.2 88.16 88.07 88 87.98 88 88.18 88.17 88.15 88.11 88.18 88.21 88.21 88.25 88.3 88.29 88.31 88.38 88.4 88.48 88.47 88.52 88.54 88.61 88.65 88.72 88.78
92.28 92.21 92.13 92.1 92 91.9 91.7 91.57 91.36 91.24 91.13 91.14 91.02 90.91 90.83 90.84 90.68 90.6 90.52 90.46 90.39 90.3 90.23 90.19 90.14 90.02 89.95 89.94 89.82 89.81 89.75 89.71 89.63 89.56 89.45 89.35 89.27 89.18 89.11 89.03 88.95 88.85 88.81 88.69 88.61 88.46 88.37 88.33 88.26 88.21 88.24 88.14 88.05 88.01 87.99 88 88.21 88.21 88.17 88.19 88.23 88.29 88.3 88.36 88.34 88.34 88.38 88.36 88.39 88.44 88.51 88.54 88.63 88.68 88.74 88.81 88.91
92.32 92.21 92.17 92.15 92.02 91.93 91.81 91.6 91.44 91.2 91.02 90.95 90.86 90.89 90.8 90.77 90.71 90.66 90.5 90.43 90.38 90.34 90.27 90.16 90.13 90.1 89.99 89.92 89.88 89.85 89.74 89.71 89.62 89.53 89.47 89.4 89.27 89.22 89.15 89.03 88.98 88.9 88.79 88.69 88.62 88.48 88.39 88.31 88.32 88.25 88.24 88.14 88.05 88.05 88.05 88.29 88.25 88.14 88.15 88.24 88.22 88.26 88.25 88.32 88.39 88.38 88.35 88.46 88.46 88.5 88.6 88.6 88.68 88.69 88.79 88.85 88.94
92.34 92.24 92.18 92.12 92.03 91.95 91.79 91.69 91.47 91.29 91.07 90.95 90.83 90.67 90.69 90.7 90.66 90.59 90.57 90.48 90.38 90.32 90.26 90.2 90.12 90.06 90.02 89.99 89.89 89.85 89.79 89.73 89.61 89.53 89.44 89.39 89.31 89.25 89.15 89.09 89.02 88.94 88.85 88.72 88.61 88.52 88.42 88.36 88.25 88.28 88.2 88.11 88.07 88.06 88.12 88.27 88.24 88.23 88.2 88.25 88.3 88.3 88.34 88.35 88.4 88.45 88.47 88.44 88.52 88.5 88.51 88.6 88.65 88.76 88.83 88.94 89
92.33 92.28 92.18 92.11 92.03 91.93 91.74 91.63 91.49 91.3 91.14 91.03 90.9 90.73 90.67 90.56 90.6 90.59 90.53 90.49 90.48 90.39 90.26 90.22 90.14 90.1 90.02 90 89.96 89.91 89.83 89.72 89.62 89.55 89.48 89.34 89.3 89.26 89.2 89.12 89.07 88.91 88.87 88.79 88.66 88.54 88.46 88.42 88.33 88.28 88.22 88.13 88.13 88.11 88.36 88.36 88.31 88.3 88.31 88.29 88.32 88.35 88.36 88.36 88.38 88.42 88.47 88.54 88.54 88.57 88.63 88.65 88.71 88.82 88.9 88.98 89.05
92.34 92.29 92.22 92.13 92.01 91.92 91.76 91.6 91.5 91.3 91.16 91.02 90.87 90.79 90.64 90.55 90.52 90.44 90.44 90.43 90.35 90.35 90.35 90.2 90.18 90.09 90.09 90 89.96 89.89 89.78 89.76 89.68 89.52 89.44 89.37 89.32 89.21 89.17 89.1 89.05 88.98 88.85 88.73 88.66 88.56 88.48 88.35 88.38 88.25 88.16 88.18 88.14 88.23 88.41 88.42 88.35 88.31 88.36 88.31 88.32 88.37 88.4 88.43 88.45 88.5 88.49 88.57 88.61 88.65 88.66 88.74 88.72 88.78 88.89 88.99 89.13
92.3 92.23 92.17 92.09 92.02 91.9 91.82 91.62 91.46 91.3 91.1 91.02 90.89 90.8 90.69 90.63 90.56 90.48 90.38 90.24 90.27 90.27 90.24 90.16 90.23 90.1 90.04 90 89.97 89.87 89.81 89.68 89.59 89.57 89.46 89.36 89.33 89.23 89.18 89.1 89.05 88.94 88.86 88.73 88.63 88.52 88.55 88.42 88.37 88.26 88.2 88.24 88.21 88.4 88.43 88.38 88.36 88.38 88.38 88.4 88.41 88.44 88.44 88.45 88.46 88.52 88.51 88.53 88.63 88.66 88.74 88.7 88.84 88.89 88.95 89.05 89.19
92.3 92.17 92.16 92.06 91.95 91.88 91.72 91.58 91.41 91.27 91.15 91.03 90.89 90.82 90.76 90.67 90.56 90.45 90.31 90.31 90.28 90.15 90.21 90.17 90.13 90.12 90.1 89.98 89.88 89.81 89.79 89.7 89.62 89.51 89.46 89.4 89.32 89.24 89.19 89.07 89.02 88.93 88.85 88.79 88.67 88.58 88.4 88.49 88.32 88.32 88.27 88.36 88.32 88.48 88.47 88.4 88.45 88.45 88.45 88.43 88.42 88.44 88.44 88.44 88.56 88.56 88.59 88.62 88.69 88.71 88.79 88.85 88.84 88.86 89.02 89.06 89.15
92.22 92.21 92.1 92.07 91.9 91.78 91.69 91.59 91.43 91.29 91.17 91.07 90.92 90.84 90.73 90.66 90.55 90.47 90.42 90.32 90.27 90.22 90.23 90.12 90.11 90.07 89.98 89.99 89.91 89.75 89.68 89.65 89.63 89.5 89.43 89.34 89.33 89.22 89.17 89.08 88.98 88.89 88.84 88.71 88.66 88.58 88.52 88.47 88.39 88.34 88.27 88.25 88.44 88.46 88.44 88.41 88.42 88.46 88.55 88.54 88.55 88.53 88.57 88.55 88.58 88.6 88.65 88.66 88.71 88.73 88.76 88.86 88.95 89 89.07 89.21 89.24
92.18 92.12 92.05 91.95 91.85 91.79 91.69 91.54 91.41 91.29 91.15 91.01 90.95 90.88 90.78 90.69 90.57 90.48 90.42 90.38 90.36 90.28 90.2 90.13 90.11 90.07 90.01 90.05 90.06 89.94 89.71 89.55 89.5 89.48 89.47 89.33 89.31 89.26 89.17 89.05 88.98 88.92 88.83 88.75 88.63 88.56 88.57 88.45 88.39 88.34 88.41 88.43 88.53 88.49 88.49 88.48 88.49 88.51 88.6 88.62 88.61 88.59 88.62 88.6 88.61 88.67 88.69 88.76 88.79 88.85 88.86 88.95 88.99 89.1 89.19 89.21 89.34
92.15 92.08 91.98 91.86 91.86 91.74 91.64 91.55 91.43 91.26 91.13 91.08 90.96 90.87 90.77 90.66 90.59 90.48 90.4 90.38 90.28 90.12 90.17 90.15 90.1 90.11 90.15 90.19 90.11 89.93 89.81 89.79 89.53 89.39 89.36 89.35 89.29 89.2 89.17 89.06 88.99 88.86 88.79 88.7 88.6 88.63 88.53 88.47 88.4 88.33 88.35 88.54 88.59 88.55 88.52 88.53 88.52 88.52 88.53 88.63 88.67 88.68 88.72 88.73 88.73 88.76 88.79 88.84 88.86 88.9 88.94 88.97 89.03 89.11 89.27 89.32 89.4
92.19 92.07 92.02 91.89 91.78 91.69 91.6 91.48 91.41 91.27 91.14 91.09 91 90.88 90.78 90.67 90.56 90.48 90.41 90.36 90.29 90.23 90.17 90.14 90.17 90.15 90.21 90.18 90.1 89.95 89.83 89.71 89.68 89.53 89.37 89.27 89.23 89.21 89.17 89.02 88.97 88.89 88.83 88.74 88.7 88.67 88.53 88.47 88.43 88.39 88.56 88.62 88.6 88.59 88.57 88.58 88.59 88.64 88.65 88.69 88.71 88.78 88.77 88.82 88.81 88.8 88.85 88.86 88.9 88.97 89.05 89.1 89.18 89.23 89.33 89.42 89.51
92.16 92.03 91.99 91.83 91.74 91.64 91.54 91.41 91.35 91.24 91.17 91.08 90.98 90.88 90.77 90.66 90.58 90.47 90.41 90.32 90.28 90.22 90.19 90.16 90.13 90.22 90.29 90.27 90.05 89.99 89.87 89.74 89.63 89.54 89.43 89.4 89.27 89.17 89.1 89.07 88.98 88.86 88.8 88.76 88.69 88.64 88.56 88.46 88.45 88.45 88.64 88.74 88.67 88.66 88.63 88.63 88.62 88.65 88.67 88.68 88.72 88.75 88.85 88.88 88.95 88.94 88.94 88.97 89.01 89.04 89.14 89.19 89.27 89.32 89.39 89.45 89.51
92.19 92.07 91.92 91.85 91.72 91.66 91.54 91.41 91.3 91.22 91.13 91.09 90.97 90.87 90.81 90.64 90.61 90.55 90.43 90.33 90.28 90.2 90.22 90.17 90.21 90.31 90.27 90.24 90.03 90.05 89.88 89.75 89.63 89.55 89.45 89.37 89.32 89.24 89.16 89.06 89 88.99 88.96 88.87 88.78 88.68 88.54 88.52 88.47 88.66 88.75 88.7 88.66 88.67 88.65 88.65 88.69 88.69 88.73 88.78 88.81 88.79 88.87 88.92 88.98 89.03 89.04 89.04 89.09 89.14 89.19 89.29 89.39 89.5 89.55 89.64 89.67
92.13 92.05 91.93 91.83 91.75 91.62 91.46 91.41 91.27 91.17 91.08 91 90.89 90.82 90.75 90.65 90.54 90.49 90.4 90.35 90.27 90.25 90.24 90.21 90.22 90.36 90.24 90.12 90.03 90 89.86 89.72 89.6 89.53 89.47 89.35 89.27 89.24 89.17 89.17 89.02 88.96 88.91 88.83 88.76 88.69 88.63 88.5 88.55 88.74 88.82 88.73 88.72 88.73 88.73 88.7 88.72 88.74 88.76 88.76 88.79 88.78 88.87 88.92 88.97 89.06 89.13 89.16 89.21 89.27 89.33 89.41 89.53 89.62 89.66 89.74 89.78
92.14 92.06 91.9 91.8 91.72 91.58 91.46 91.35 91.24 91.2 91.12 90.97 90.91 90.79 90.7 90.63 90.55 90.51 90.44 90.34 90.28 90.26 90.2 90.24 90.3 90.27 90.19 90.07 90 89.89 89.87 89.74 89.61 89.55 89.47 89.34 89.3 89.18 89.11 89.07 88.98 88.99 89.01 88.85 88.8 88.74 88.68 88.55 88.75 88.86 88.83 88.8 88.78 88.75 88.78 88.74 88.74 88.77 88.75 88.83 88.84 88.88 88.93 89 89.02 89.12 89.18 89.26 89.29 89.37 89.43 89.5 89.61 89.67 89.8 89.85 89.94
92.13 92.02 91.91 91.79 91.68 91.54 91.43 91.31 91.2 91.12 91.05 90.93 90.86 90.74 90.7 90.62 90.53 90.49 90.44 90.34 90.3 90.3 90.25 90.26 90.31 90.32 90.08 90.03 89.92 89.82 89.75 89.66 89.57 89.47 89.43 89.38 89.31 89.19 89.12 89.07 88.94 88.88 88.93 88.88 88.82 88.79 88.69 88.65 88.91 88.83 88.8 88.81 88.76 88.83 88.79 88.78 88.81 88.83 88.84 88.88 88.89 88.91 88.94 89 89.03 89.09 89.16 89.28 89.37 89.48 89.62 89.68 89.77 89.82 89.89 89.95 90.05
92.1 92.02 91.89 91.79 91.67 91.57 91.41 91.27 91.19 91.06 91.01 90.93 90.81 90.76 90.67 90.62 90.53 90.53 90.39 90.35 90.33 90.37 90.3 90.36 90.27 90.13 90.05 89.98 89.84 89.76 89.65 89.58 89.52 89.44 89.45 89.32 89.25 89.2 89.09 89.01 88.91 88.89 88.86 88.77 88.85 88.87 88.65 88.78 88.68 88.76 88.79 88.8 88.83 88.85 88.83 88.86 88.83 88.85 88.87 88.89 88.91 88.95 89.02 89.05 89.11 89.15 89.24 89.33 89.43 89.57 89.67 89.77 89.87 89.91 89.94 90.02 90.12
92.11 92.01 91.85 91.77 91.6 91.5 91.42 91.31 91.18 91.1 90.98 90.91 90.8 90.74 90.65 90.55 90.54 90.45 90.39 90.37 90.38 90.37 90.21 90.4 90.22 90.12 90.08 89.96 89.79 89.71 89.59 89.54 89.46 89.4 89.34 89.24 89.24 89.17 89.09 88.99 88.93 88.94 88.81 88.85 88.85 88.73 88.91 88.86 88.83 88.86 88.76 88.77 88.84 88.84 88.85 88.88 88.92 88.91 88.96 88.95 89 89.03 89.05 89.07 89.14 89.19 89.27 89.34 89.44 89.62 89.77 89.93 89.99 90.09 90.09 90.14 90.19
92.05 91.99 91.85 91.75 91.61 91.46 91.38 91.25 91.2 91.06 90.99 90.88 90.82 90.76 90.68 90.57 90.45 90.43 90.4 90.42 90.43 90.32 90.24 90.29 90.26 90.12 89.9 89.86 89.78 89.73 89.54 89.49 89.42 89.34 89.27 89.22 89.19 89.13 89.07 88.97 88.98 88.94 88.86 88.89 88.9 88.75 88.96 88.95 88.97 88.94 88.89 88.83 88.81 88.85 88.93 88.94 88.95 88.94 88.98 89 89.03 89.07 89.07 89.16 89.21 89.27 89.36 89.48 89.57 89.7 89.87 90 90.08 90.15 90.17 90.21 90.29
92.04 91.94 91.82 91.7 91.58 91.49 91.33 91.23 91.13 91.07 90.99 90.89 90.82 90.73 90.69 90.59 90.49 90.44 90.46 90.46 90.43 90.27 90.26 90.28 90.05 90.04 89.94 89.85 89.59 89.6 89.53 89.46 89.39 89.39 89.27 89.21 89.15 89.13 89.05 89.03 89.01 88.96 88.97 88.97 88.82 89.06 88.94 89.06 89.09 89.04 88.98 88.98 88.89 88.93 88.89 88.94 88.93 88.98 89.03 89.08 89.12 89.16 89.22 89.26 89.3 89.36 89.41 89.52 89.64 89.75 89.88 90.03 90.16 90.24 90.31 90.37 90.46
92.06 91.95 91.82 91.69 91.6 91.45 91.34 91.27 91.15 91.06 90.97 90.92 90.81 90.77 90.71 90.52 90.5 90.47 90.47 90.52 90.5 90.35 90.27 90.12 90.08 90.06 89.86 89.76 89.67 89.62 89.44 89.42 89.46 89.3 89.28 89.19 89.17 89.16 89.06 89.14 89.06 89.01 89.07 89 88.84 89.09 89.12 89.14 89.06 89.07 89.06 89.07 89.02 88.93 88.88 88.92 88.99 89.05 89.06 89.12 89.14 89.21 89.24 89.29 89.36 89.42 89.51 89.63 89.77 89.89 90.07 90.14 90.26 90.32 90.38 90.46 90.5
