Input/DEM/5m/heulengracht_5m_burn_flume.asc
ncols         405
nrows         585
xllcorner     201810
yllcorner     159345
cellsize      5
NODATA_value  -9999
[rows 476 to 509 of 585, columns 77 to 153 of 405]
95.01 94.99 94.97 94.94 94.87 94.88 94.84 94.79 94.81 94.8 94.85 94.79 94.76 94.77 94.75 94.74 94.7 94.72 94.69 94.6 94.51 94.52 94.49 94.34 94.3 94.25 94.29 94.29 94.3 94.29 94.29 94.31 94.32 94.31 94.31 94.25 94.3 94.27 94.27 94.31 94.31 94.28 94.29 94.24 94.17 94.41 94.33 94.3 94.34 94.29 94.28 94.29 94.3 94.27 94.21 94.23 94.29 94.18 94.18 94.18 94.245 94.24 94.24 94.31 94.41 94.48 94.48 94.49 94.43 94.4 94.4 94.38 94.35 94.31 94.35 94.37 94.36
95.06 94.95 94.94 94.89 94.86 94.84 94.79 94.79 94.76 94.77 94.76 94.76 94.76 94.76 94.69 94.72 94.68 94.65 94.59 94.53 94.52 94.54 94.5 94.34 94.28 94.34 94.38 94.34 94.33 94.34 94.36 94.36 94.32 94.38 94.3 94.28 94.3 94.31 94.33 94.37 94.34 94.37 94.38 94.35 94.26 94.34 94.39 94.33 94.3 94.31 94.32 94.31 94.29 94.32 94.3 94.26 94.32 94.32 94.21 94.21 94.255 94.25 94.26 94.36 94.44 94.54 94.56 94.51 94.5 94.5 94.48 94.46 94.42 94.44 94.46 94.42 94.4
95.02 94.98 94.93 94.89 94.83 94.81 94.79 94.81 94.76 94.75 94.73 94.74 94.69 94.67 94.67 94.66 94.66 94.62 94.54 94.57 94.53 94.53 94.46 94.37 94.37 94.4 94.37 94.36 94.36 94.35 94.42 94.38 94.42 94.38 94.35 94.35 94.31 94.35 94.37 94.41 94.43 94.39 94.33 94.29 94.54 94.38 94.4 94.39 94.31 94.32 94.36 94.35 94.35 94.31 94.35 94.34 94.29 94.32 94.26 94.21 94.28 94.3 94.37 94.43 94.52 94.6 94.63 94.63 94.62 94.63 94.6 94.57 94.46 94.56 94.56 94.52 94.5
95.01 95.01 94.91 94.9 94.81 94.79 94.81 94.77 94.74 94.73 94.72 94.72 94.67 94.69 94.65 94.63 94.6 94.57 94.54 94.52 94.57 94.51 94.43 94.38 94.37 94.4 94.43 94.42 94.41 94.41 94.46 94.46 94.45 94.42 94.4 94.36 94.41 94.37 94.45 94.46 94.48 94.45 94.49 94.34 94.48 94.49 94.43 94.4 94.4 94.38 94.38 94.38 94.37 94.35 94.32 94.36 94.32 94.28 94.26 94.34 94.31 94.32 94.43 94.5 94.61 94.65 94.69 94.7 94.76 94.69 94.67 94.67 94.62 94.67 94.66 94.66 94.61
95.03 94.99 94.97 94.89 94.84 94.83 94.82 94.77 94.73 94.72 94.73 94.71 94.67 94.67 94.63 94.65 94.59 94.61 94.57 94.6 94.6 94.52 94.45 94.38 94.43 94.47 94.43 94.47 94.5 94.49 94.54 94.47 94.46 94.45 94.41 94.38 94.37 94.43 94.45 94.47 94.47 94.41 94.39 94.59 94.48 94.53 94.53 94.45 94.47 94.48 94.47 94.49 94.44 94.4 94.39 94.36 94.38 94.35 94.31 94.34 94.35001 94.33 94.45 94.54 94.64 94.71 94.73 94.79 94.79 94.76 94.78 94.66 94.79 94.8 94.77 94.74 94.74
95.05 95.01 94.96 94.86 94.83 94.79 94.75 94.78 94.76 94.74 94.78 94.74 94.71 94.72 94.68 94.65 94.6 94.64 94.62 94.64 94.64 94.54 94.53 94.48 94.56 94.53 94.49 94.56 94.52 94.52 94.54 94.53 94.46 94.44 94.45 94.39 94.44 94.52 94.42 94.5 94.45 94.47 94.4 94.56 94.54 94.52 94.51 94.54 94.52 94.54 94.54 94.55 94.46 94.45 94.48 94.41 94.42 94.39 94.4 94.35 94.42 94.48 94.5 94.61 94.69 94.76 94.76 94.79 94.83 94.83 94.79 94.8 94.89 94.9 94.89 94.83 94.81
95.07 94.99 94.93 94.91 94.83 94.84 94.79 94.79 94.76 94.73 94.76 94.76 94.72 94.68 94.72 94.66 94.66 94.68 94.72 94.71 94.63 94.5 94.5 94.52 94.52 94.54 94.58 94.57 94.55 94.57 94.59 94.62 94.55 94.47 94.51 94.5 94.48 94.49 94.53 94.55 94.45 94.46 94.61 94.5 94.58 94.55 94.56 94.55 94.56 94.56 94.57 94.58 94.49 94.5 94.48 94.5 94.49 94.46 94.47 94.47 94.435 94.45 94.61 94.62 94.77 94.82 94.81 94.8 94.82 94.87 94.83 94.91 94.96 94.96 94.96 94.98 94.94
95.06 94.96 94.92 94.86 94.84 94.82 94.76 94.83 94.8 94.8 94.78 94.78 94.79 94.75 94.73 94.74 94.75 94.73 94.77 94.74 94.61 94.61 94.58 94.67 94.58 94.64 94.64 94.58 94.61 94.64 94.62 94.62 94.53 94.56 94.52 94.54 94.46 94.56 94.57 94.55 94.57 94.47 94.59 94.58 94.55 94.56 94.59 94.57 94.59 94.59 94.54 94.54 94.52 94.54 94.53 94.52 94.53 94.53 94.55 94.6 94.535 94.53 94.61 94.72 94.77 94.81 94.88 94.84 94.9 94.87 94.89 95.01 95.03 95.02 95.02 95.03 95.05
95.06 95.01 94.93 94.9 94.85 94.8 94.83 94.84 94.83 94.79 94.81 94.82 94.77 94.79 94.77 94.77 94.77 94.77 94.82 94.77 94.64 94.6 94.67 94.69 94.64 94.66 94.61 94.64 94.65 94.74 94.67 94.63 94.63 94.61 94.56 94.55 94.6 94.56 94.6 94.53 94.57 94.66 94.58 94.62 94.59 94.58 94.58 94.65 94.62 94.57 94.58 94.55 94.52 94.56 94.6 94.56 94.6 94.65 94.61 94.67 94.645 94.66 94.66 94.77 94.87 94.89 94.94 94.92 94.94 94.93 95 95.04 95.06 95.06 95.06 95.07 95.07
95.04 94.98 94.96 94.92 94.85 94.84 94.85 94.84 94.88 94.85 94.85 94.88 94.83 94.83 94.79 94.8 94.84 94.89 94.84 94.72 94.68 94.65 94.73 94.72 94.66 94.72 94.76 94.72 94.78 94.74 94.73 94.72 94.65 94.61 94.61 94.61 94.63 94.61 94.61 94.63 94.57 94.7 94.66 94.65 94.66 94.65 94.63 94.64 94.63 94.59 94.61 94.61 94.57 94.59 94.59 94.62 94.6 94.65 94.72 94.7 94.7 94.71 94.74 94.87 94.91 94.97 94.93 94.94 94.92 95 95.08 95.1 95.1 95.13 95.11 95.15 95.11
95.08 95.01 94.96 94.91 94.86 94.87 94.87 94.86 94.87 94.89 94.92 94.89 94.89 94.86 94.87 94.79 94.88 94.92 94.88 94.79 94.74 94.77 94.78 94.77 94.81 94.76 94.78 94.76 94.76 94.79 94.72 94.71 94.73 94.71 94.65 94.68 94.66 94.68 94.68 94.65 94.68 94.81 94.75 94.73 94.71 94.73 94.72 94.67 94.66 94.66 94.69 94.66 94.61 94.62 94.62 94.65 94.65 94.68 94.73 94.76 94.74001 94.75 94.86 94.98 95.02 94.97 94.98 94.99 95 95.06 95.18 95.23 95.17 95.16 95.17 95.21 95.2
95.1 95.04 94.97 94.93 94.87 94.9 94.91 94.96 94.94 94.96 94.94 94.93 94.91 94.93 94.92 94.94 94.98 94.96 94.87 94.8 94.77 94.84 94.79 94.82 94.85 94.82 94.87 94.86 94.89 94.88 94.82 94.79 94.82 94.76 94.72 94.76 94.76 94.71 94.73 94.66 94.76 94.87 94.87 94.81 94.77 94.73 94.77 94.75 94.69 94.72 94.73 94.76 94.68 94.64 94.66 94.7 94.71 94.74 94.75 94.78 94.825 94.83 94.92 95.02 95.03 94.98 95 95.03 95.02 95.14 95.22 95.23 95.27 95.24 95.25 95.23 95.24
95.09 95.04 94.96 94.96 94.96 94.94 94.95 94.98 94.97 95 95.03 94.99 95 94.97 95.01 95.03 95.07 95 94.9 94.91 94.89 94.9 94.89 94.83 94.88 94.89 94.87 94.92 94.89 94.91 94.89 94.87 94.82 94.82 94.78 94.78 94.8 94.73 94.77 94.81 94.77 94.81 94.83 94.86 94.89 94.79 94.76 94.8 94.77 94.77 94.83 94.79 94.76 94.75 94.76 94.76 94.74 94.77 94.76 94.79 94.95 94.96 94.92 95.06 95.01 94.97 95 94.99 95.09 95.18 95.24 95.25 95.28 95.34 95.31 95.28 95.26
95.13 95.12 95.04 95.01 94.99 94.97 95.03 95 95.03 95.04 95.08 95.08 95.06 95.03 95.1 95.12 95.11 95.04 94.95 94.95 94.98 94.98 94.95 94.93 94.92 94.96 95.02 95 94.97 94.96 94.95 94.9 94.89 94.83 94.86 94.85 94.84 94.84 94.76 94.88 94.82 94.94 94.83 94.86 94.92 94.92 94.85 94.88 94.86 94.77 94.76 94.8 94.8 94.83 94.85 94.83 94.85 94.84 94.88 94.88 94.985 95 94.99 95.02 94.98 94.99 95.01 95 95.09 95.18 95.28 95.27 95.31 95.3 95.33 95.32 95.3
95.17 95.13 95.09 95.05 95.01 95.05 95.04 95.06 95.06 95.11 95.14 95.15 95.13 95.15 95.21 95.2 95.15 95.08 95.03 95.08 95.05 95.06 95.03 95.01 95.03 95.01 95.03 95.09 95.02 95.01 94.99 94.9 94.98 94.95 94.93 94.89 94.84 94.86 94.98 94.89 94.86 94.87 94.91 94.87 94.92 94.97 94.87 94.78 94.8 94.93 94.96 94.94 94.87 94.85 94.89 94.91 94.91 94.92 94.9 94.96 94.975 94.96 95 94.98 94.98 94.97 95.02 95.01 95.08 95.15 95.21 95.27 95.29 95.29 95.3 95.31 95.33
95.25 95.2 95.13 95.09 95.09 95.07 95.1 95.13 95.17 95.23 95.19 95.17 95.2 95.24 95.3 95.25 95.17 95.09 95.14 95.12 95.11 95.15 95.11 95.11 95.1 95.08 95.1 95.13 95.06 95.07 95.02 94.99 94.97 94.96 94.91 94.94 94.91 94.87 94.97 94.87 94.97 94.87 95 94.86 94.92 94.95 94.93 94.92 94.88 94.86 94.82 94.85 94.97 94.97 94.94 94.92 94.89 94.91 94.97 94.99 95.02499 95.03 95.02 95 94.97 94.98 94.96 95.04 95.1 95.14 95.18 95.2 95.26 95.26 95.27 95.26 95.28
95.29 95.24 95.18 95.16 95.15 95.15 95.17 95.21 95.23 95.25 95.28 95.28 95.26 95.31 95.34 95.29 95.21 95.15 95.19 95.25 95.2 95.19 95.2 95.18 95.15 95.17 95.17 95.17 95.12 95.1 95.08 95.06 95.05 94.96 95 94.94 94.98 95.07 94.96 94.96 94.9 94.92 94.95 94.97 94.97 95.02 94.99 94.98 94.95 94.96 94.92 94.89 94.84 94.82 94.84 94.93 94.98 95.07 94.97 94.95 95.01 95.05 95.11 95.05 95.06 95.03 95.04 95.09 95.12 95.17 95.15 95.18 95.19 95.2 95.25 95.26 95.27
95.33 95.33 95.23 95.24 95.22 95.22 95.23 95.29 95.31 95.32 95.36 95.34 95.36 95.44 95.4 95.3 95.28 95.27 95.31 95.3 95.27 95.27 95.26 95.21 95.24 95.24 95.23 95.21 95.16 95.15 95.12 95.05 95.02 95.07 95.02 95.03 94.97 95.03 94.98 95.11 94.95 94.96 95.05 95.07 95.09 95.09 95.03 95.01 95.01 94.98 94.97 94.94 94.96 94.91 94.93 94.92 94.88 94.88 94.95 95.02 95.075 95.05 95.02 95.05 95.08 95 95.15 95.14 95.18 95.22 95.26 95.23 95.21 95.2 95.21 95.23 95.3
95.38 95.34 95.3 95.27 95.29 95.28 95.33 95.34 95.36 95.38 95.37 95.37 95.43 95.4 95.4 95.3 95.33 95.33 95.34 95.36 95.34 95.33 95.3 95.36 95.3 95.29 95.25 95.21 95.18 95.19 95.13 95.11 95.09 95.15 95.09 95.08 95.19 95.11 95.09 95.11 95.01 95.07 95.12 95.13 95.12 95.12 95.12 95.06 95.04 95.03 94.99 94.98 94.97 94.93 94.95 94.97 94.95 94.93 94.96 94.96 95.015 95.06 95.11 95.17 95.12 95.09 95.12 95.13 95.16 95.25 95.25 95.27 95.29 95.27 95.24 95.23 95.29
95.46 95.42 95.39 95.33 95.37 95.41 95.42 95.41 95.39 95.41 95.42 95.44 95.49 95.47 95.38 95.33 95.35 95.4 95.39 95.39 95.36 95.37 95.37 95.33 95.3 95.34 95.3 95.25 95.25 95.2 95.13 95.16 95.16 95.16 95.17 95.06 95.25 95.19 95.27 95.11 95.14 95.15 95.16 95.19 95.16 95.2 95.16 95.17 95.1 95.11 95.08 95.05 95.01 95.02 95 95.02 95.01 95 95.04 95.04 95.065 95.05 95.06 95.06 95.03 95.15 95.2 95.21 95.15 95.17 95.22 95.25 95.27 95.34 95.33 95.32 95.33
95.42 95.4 95.42 95.39 95.38 95.39 95.45 95.49 95.45 95.48 95.46 95.46 95.48 95.44 95.38 95.33 95.35 95.4 95.4 95.39 95.4 95.38 95.35 95.37 95.38 95.35 95.34 95.29 95.27 95.2 95.19 95.2 95.2 95.19 95.15 95.36 95.25 95.26 95.16 95.19 95.23 95.24 95.25 95.28 95.23 95.24 95.23 95.16 95.17 95.15 95.15 95.1 95.1 95.07 95.05 95.03 95.03 95.07 95.07 95.12 95.11 95.13 95.14 95.12 95.11 95.1 95.08 95.1 95.22 95.28 95.31 95.23 95.23 95.3 95.31 95.36 95.39
95.46 95.41 95.41 95.4 95.42 95.41 95.43 95.47 95.47 95.48 95.5 95.49 95.47 95.42 95.39 95.39 95.42 95.41 95.41 95.42 95.39 95.39 95.41 95.38 95.4 95.36 95.32 95.29 95.3 95.28 95.18 95.25 95.24 95.26 95.16 95.38 95.29 95.33 95.18 95.19 95.19 95.23 95.25 95.31 95.28 95.28 95.24 95.21 95.23 95.22 95.19 95.14 95.15 95.14 95.13 95.14 95.11 95.15 95.17 95.17 95.155 95.17 95.17 95.16 95.15 95.17 95.16 95.18 95.16 95.12 95.11 95.24 95.34 95.42 95.32 95.32 95.34
95.48 95.41 95.45 95.46 95.47 95.45 95.49 95.5 95.47 95.48 95.53 95.57 95.49 95.39 95.37 95.42 95.44 95.43 95.42 95.4 95.42 95.38 95.4 95.35 95.4 95.36 95.37 95.34 95.28 95.31 95.25 95.28 95.24 95.22 95.42 95.36 95.34 95.24 95.23 95.25 95.23 95.21 95.23 95.24 95.23 95.22 95.28 95.28 95.27 95.27 95.26 95.2 95.21 95.22 95.17 95.21 95.23 95.23 95.22 95.24 95.235 95.24 95.2 95.18 95.17 95.16 95.16 95.21 95.21 95.24 95.23 95.2 95.19 95.21 95.29 95.39 95.54
95.46 95.46 95.5 95.47 95.48 95.49 95.42 95.46 95.49 95.49 95.58 95.53 95.47 95.39 95.4 95.46 95.48 95.43 95.39 95.43 95.44 95.41 95.41 95.44 95.43 95.39 95.38 95.38 95.33 95.34 95.3 95.32 95.31 95.27 95.45 95.32 95.38 95.26 95.22 95.29 95.24 95.21 95.22 95.22 95.17 95.13 95.16 95.14 95.18 95.25 95.27 95.29 95.26 95.27 95.28 95.26 95.3 95.3 95.35 95.33 95.285 95.27 95.23 95.23 95.18 95.22 95.22 95.23 95.2 95.25 95.21 95.26 95.27 95.31 95.31 95.33 95.35
95.57 95.55 95.55 95.56 95.52 95.54 95.52 95.52 95.51 95.57 95.6 95.59 95.5 95.42 95.48 95.47 95.47 95.46 95.45 95.44 95.48 95.44 95.45 95.42 95.44 95.45 95.41 95.39 95.35 95.3 95.37 95.36 95.28 95.5 95.41 95.34 95.27 95.26 95.28 95.29 95.24 95.25 95.23 95.19 95.18 95.17 95.15 95.1 95.14 95.16 95.15 95.23 95.25 95.27 95.3 95.31 95.39 95.38 95.39 95.4 95.37 95.34 95.34 95.28 95.25 95.29 95.28 95.28 95.28 95.26 95.3 95.33 95.34 95.3 95.39 95.37 95.44
95.59 95.54 95.56 95.59 95.56 95.55 95.57 95.55 95.58 95.59 95.62 95.6 95.52 95.52 95.5 95.48 95.5 95.51 95.5 95.44 95.49 95.46 95.44 95.47 95.46 95.43 95.47 95.39 95.38 95.4 95.38 95.37 95.36 95.55 95.4 95.38 95.3 95.31 95.31 95.29 95.28 95.28 95.28 95.22 95.2 95.18 95.12 95.12 95.18 95.15 95.14 95.15 95.18 95.17 95.22 95.3 95.38 95.41 95.43 95.45 95.445 95.44 95.43 95.41 95.36 95.36 95.33 95.31 95.37 95.34 95.35 95.37 95.39 95.37 95.43 95.41 95.45
95.53 95.51 95.52 95.52 95.58 95.6 95.56 95.54 95.55 95.58 95.65 95.53 95.53 95.53 95.53 95.52 95.54 95.46 95.52 95.5 95.52 95.53 95.47 95.49 95.5 95.45 95.42 95.37 95.41 95.4 95.38 95.31 95.55 95.52 95.41 95.39 95.3 95.31 95.34 95.3 95.31 95.3 95.31 95.27 95.23 95.22 95.11 95.13 95.14 95.11 95.16 95.13 95.18 95.19 95.23 95.26 95.28 95.34 95.42 95.52 95.515 95.49 95.53 95.5 95.49 95.46 95.47 95.45 95.43 95.44 95.44 95.49 95.45 95.45 95.47 95.47 95.51
95.67 95.6 95.64 95.61 95.6 95.55 95.58 95.51 95.54 95.58 95.61 95.51 95.52 95.54 95.57 95.56 95.6 95.55 95.52 95.55 95.62 95.57 95.5 95.5 95.56 95.51 95.43 95.45 95.4 95.45 95.47 95.46 95.62 95.52 95.5 95.38 95.34 95.41 95.39 95.37 95.32 95.32 95.33 95.31 95.27 95.23 95.21 95.17 95.14 95.18 95.13 95.19 95.22 95.24 95.23 95.25 95.27 95.32 95.35 95.42 95.495 95.52 95.53 95.54 95.57 95.56 95.55 95.53 95.57 95.55 95.53 95.52 95.51 95.49 95.49 95.56 95.55
95.68 95.7 95.69 95.7 95.69 95.66 95.65 95.71 95.76 95.66 95.7 95.69 95.68 95.61 95.59 95.59 95.61 95.62 95.67 95.67 95.65 95.59 95.6 95.6 95.57 95.5 95.48 95.5 95.48 95.48 95.32 95.61 95.62 95.52 95.46 95.43 95.4 95.4 95.43 95.42 95.45 95.4 95.33 95.35 95.28 95.3 95.28 95.24 95.18 95.19 95.18 95.2 95.19 95.22 95.25 95.28 95.29 95.32 95.39 95.41 95.44 95.48 95.49 95.5 95.54 95.57 95.62 95.61 95.65 95.65 95.66 95.62 95.61 95.58 95.58 95.59 95.63
95.76 95.76 95.76 95.76 95.71 95.71 95.73 95.71 95.72 95.73 95.69 95.69 95.69 95.67 95.7 95.72 95.74 95.64 95.69 95.71 95.63 95.6 95.63 95.6 95.59 95.59 95.5 95.45 95.54 95.6 95.56 95.75 95.62 95.56 95.48 95.46 95.44 95.43 95.46 95.45 95.41 95.39 95.39 95.38 95.35 95.29 95.26 95.23 95.23 95.23 95.23 95.24 95.25 95.25 95.29 95.3 95.31 95.4 95.41 95.43 95.45 95.46 95.47 95.49 95.52 95.54 95.57 95.62 95.66 95.7 95.73 95.73 95.74 95.69 95.67 95.7 95.7
95.8 95.81 95.76 95.75 95.76 95.81 95.78 95.78 95.82 95.78 95.76 95.75 95.74 95.69 95.66 95.65 95.65 95.69 95.64 95.7 95.69 95.67 95.65 95.64 95.52 95.55 95.6 95.61 95.6 95.68 95.68 95.74 95.61 95.56 95.53 95.52 95.57 95.52 95.48 95.48 95.5 95.45 95.45 95.44 95.39 95.34 95.31 95.29 95.26 95.3 95.31 95.27 95.28 95.31 95.34 95.37 95.38 95.43 95.43 95.4 95.46001 95.44 95.48 95.49 95.48 95.53 95.55 95.6 95.65 95.68 95.73 95.8 95.81 95.83 95.8 95.75 95.78
95.82 95.82 95.82 95.8 95.81 95.79 95.79 95.8 95.78 95.77 95.77 95.77 95.79 95.75 95.7 95.75 95.74 95.73 95.66 95.71 95.66 95.67 95.69 95.6 95.57 95.56 95.69 95.71 95.76 95.66 95.83 95.67 95.64 95.59 95.54 95.57 95.63 95.58 95.61 95.63 95.57 95.55 95.47 95.44 95.4 95.43 95.39 95.34 95.32 95.3 95.28 95.33 95.31 95.33 95.37 95.39 95.46 95.44 95.44 95.46 95.445 95.43 95.48 95.49 95.49 95.54 95.57 95.59 95.64 95.68 95.69 95.78 95.77 95.85 95.83 95.86 95.92
95.83 95.85 95.84 95.83 95.85 95.85 95.86 95.81 95.79 95.83 95.79 95.74 95.75 95.78 95.75 95.72 95.75 95.72 95.77 95.76 95.74 95.72 95.72 95.63 95.66 95.73 95.72 95.75 95.78 95.74 95.82 95.67 95.66 95.58 95.63 95.65 95.65 95.62 95.65 95.64 95.62 95.58 95.57 95.48 95.39 95.4 95.33 95.37 95.34 95.34 95.34 95.36 95.36 95.4 95.43 95.45 95.47 95.51 95.48 95.52 95.455 95.46 95.51 95.51 95.53 95.55 95.56 95.62 95.68 95.66 95.74 95.81 95.83 95.82 95.88 95.88 95.94
95.85 95.87 95.86 95.88 95.86 95.91 95.87 95.89 95.81 95.86 95.85 95.81 95.77 95.78 95.73 95.74 95.78 95.81 95.83 95.79 95.81 95.76 95.74 95.7 95.8 95.85 95.76 95.8 95.79 95.93 95.85 95.77 95.65 95.64 95.68 95.7 95.72 95.7 95.7 95.73 95.66 95.66 95.61 95.53 95.5 95.54 95.45 95.43 95.4 95.38 95.36 95.37 95.41 95.43 95.48 95.5 95.53 95.53 95.51 95.5 95.51 95.51 95.5 95.5 95.54 95.59 95.63 95.64 95.67 95.72 95.77 95.83 95.88 95.9 95.97 95.94 96.01
