Input/DEM/5m/heulengracht_5m_burn_flume.asc
ncols         405
nrows         585
xllcorner     201810
yllcorner     159345
cellsize      5
NODATA_value  -9999
[rows 510 to 543 of 585, columns 154 to 230 of 405]
96.06 96.12 96.11 96.15 96.16 96.24 96.28 96.29 96.38 96.42 96.43 96.5 96.51 96.55 96.68 96.77 96.82 96.95 97.01 97.09 97.1 97.13 97.14 97.18 97.18 97.24 97.3 97.41 97.48 97.58 97.76 97.91 98.05 98.27 98.43 98.55 98.64 98.89 99.06 99.27 99.34 99.61 99.89 100.12 100.32 100.54 100.64 100.75 100.78 100.81 100.85 100.93 101.01 101.06 101.09 101.22 101.3 101.4 101.43 101.51 101.54 101.59 101.57 101.54 101.4 101.43 101.41 101.39 -9999 -9999 -9999 -9999 -9999 -9999 -9999 -9999 -9999
96.11 96.15 96.15 96.2 96.25 96.27 96.33 96.37 96.43 96.46 96.47 96.59 96.59 96.65 96.76 96.81 96.93 97 97.08 97.13 97.16 97.21 97.21 97.28 97.3 97.33 97.41 97.47 97.58 97.67 97.82 97.95 98.14 98.33 98.49 98.68 98.85 99.1 99.26 99.44 99.65 99.87 100.08 100.24 100.45 100.67 100.79 100.86 100.95 100.98 101.11 101.18 101.2 101.28 101.38 101.42 101.5 101.58 101.66 101.67 101.72 101.71 101.72 101.61 101.54 101.54 101.5 101.43 -9999 -9999 -9999 -9999 -9999 -9999 -9999 -9999 -9999
96.15 96.2 96.21 96.24 96.32 96.33 96.37 96.39 96.44 96.48 96.53 96.59 96.66 96.75 96.84 96.96 97.01 97.11 97.17 97.16 97.24 97.3 97.31 97.37 97.39 97.46 97.54 97.64 97.66 97.81 97.93 98.07 98.24 98.45 98.59 98.78 99.05 99.28 99.47 99.76 99.87 100.16 100.3 100.52 100.7 100.79 100.84 101.03 101.12 101.21 101.31 101.38 101.46 101.54 101.6 101.69 101.69 101.77 101.83 101.86 101.82 101.87 101.75 101.72 101.69 101.68 101.62 -9999 -9999 -9999 -9999 -9999 -9999 -9999 -9999 -9999 -9999
96.23 96.24 96.28 96.29 96.34 96.38 96.44 96.48 96.5 96.57 96.62 96.65 96.72 96.8 96.91 96.99 97.13 97.19 97.24 97.28 97.31 97.34 97.39 97.42 97.47 97.54 97.63 97.71 97.8 97.97 98.07 98.24 98.38 98.53 98.72 98.97 99.2 99.44 99.64 99.93 100.14 100.4 100.57 100.76 100.94 101.01 101.11 101.25 101.36 101.3 101.41 101.58 101.67 101.77 101.8 101.91 101.96 102 102.04 102.06 102.01 102 101.89 101.84 101.85 101.82 -9999 -9999 -9999 -9999 -9999 -9999 -9999 -9999 -9999 -9999 -9999
96.28 96.31 96.35 96.39 96.43 96.46 96.5 96.53 96.53 96.63 96.67 96.78 96.8 96.9 97.01 97.05 97.13 97.2 97.29 97.3 97.38 97.42 97.47 97.49 97.56 97.59 97.72 97.81 97.93 98.08 98.15 98.37 98.55 98.71 98.86 99.13 99.3 99.53 99.86 100.14 100.38 100.57 100.78 100.98 101.13 101.29 101.36 101.51 101.52 101.61 101.68 101.77 101.76 101.89 102.02 102.06 102.14 102.18 102.22 102.19 102.16 102.15 102.01 101.98 101.95 -9999 -9999 -9999 -9999 -9999 -9999 -9999 -9999 -9999 -9999 -9999 -9999
96.35 96.38 96.38 96.48 96.52 96.54 96.57 96.66 96.68 96.73 96.78 96.81 96.95 97 97.04 97.16 97.23 97.24 97.33 97.37 97.42 97.5 97.54 97.6 97.68 97.72 97.85 97.95 98.05 98.25 98.36 98.49 98.7 98.83 99.06 99.22 99.5 99.77 100.11 100.32 100.56 100.77 101.03 101.22 101.35 101.45 101.56 101.73 101.81 101.93 102.02 102.02 102.05 102.12 102.21 102.23 102.24 102.32 102.37 102.38 102.35 102.26 102.21 102.14 -9999 -9999 -9999 -9999 -9999 -9999 -9999 -9999 -9999 -9999 -9999 -9999 -9999
96.39 96.41 96.48 96.51 96.55 96.61 96.65 96.71 96.75 96.86 96.88 96.98 97.02 97.07 97.16 97.19 97.29 97.42 97.43 97.47 97.52 97.56 97.64 97.64 97.74 97.83 97.95 98.09 98.21 98.4 98.53 98.67 98.81 98.97 99.18 99.37 99.65 99.97 100.28 100.57 100.82 101.07 101.24 101.43 101.58 101.69 101.86 101.91 102.05 102.11 102.22 102.3 102.42 102.42 102.46 102.42 102.52 102.53 102.43 102.45 102.47 102.41 102.43 -9999 -9999 -9999 -9999 -9999 -9999 -9999 -9999 -9999 -9999 -9999 -9999 -9999 -9999
96.42 96.46 96.5 96.53 96.59 96.66 96.71 96.77 96.91 96.96 97 97.06 97.14 97.22 97.28 97.33 97.39 97.45 97.52 97.54 97.62 97.64 97.7 97.78 97.84 97.98 98.05 98.23 98.34 98.53 98.7 98.85 99 99.19 99.34 99.59 99.83 100.16 100.51 100.78 101.02 101.31 101.46 101.64 101.76 101.92 102.05 102.14 102.26 102.36 102.46 102.59 102.65 102.63 102.7 102.71 102.71 102.72 102.62 102.62 102.51 102.53 102.5 -9999 -9999 -9999 -9999 -9999 -9999 -9999 -9999 -9999 -9999 -9999 -9999 -9999 -9999
96.46 96.52 96.53 96.57 96.65 96.69 96.75 96.83 96.91 97.03 97.05 97.16 97.22 97.28 97.38 97.43 97.5 97.57 97.65 97.67 97.77 97.76 97.82 97.94 97.99 98.09 98.24 98.37 98.5 98.66 98.86 98.97 99.15 99.34 99.56 99.82 100.14 100.4 100.72 101 101.31 101.49 101.69 101.88 101.97 102.18 102.28 102.4 102.56 102.59 102.7 102.77 102.82 102.88 102.93 102.93 102.92 102.91 102.87 102.74 102.67 102.67 -9999 -9999 -9999 -9999 -9999 -9999 -9999 -9999 -9999 -9999 -9999 -9999 -9999 -9999 -9999
96.53 96.57 96.6 96.67 96.74 96.78 96.84 96.9 97 97.08 97.16 97.26 97.31 97.37 97.46 97.54 97.61 97.7 97.79 97.8 97.87 97.88 98 98.06 98.14 98.27 98.43 98.57 98.7 98.89 99 99.15 99.33 99.56 99.76 100.06 100.41 100.67 100.99 101.26 101.53 101.71 101.88 102.05 102.21 102.41 102.44 102.57 102.82 102.81 102.89 102.99 103.09 103.08 103.11 103.15 103.07 103.05 102.94 102.82 102.78 -9999 -9999 -9999 -9999 -9999 -9999 -9999 -9999 -9999 -9999 -9999 -9999 -9999 -9999 -9999 -9999
96.62 96.63 96.66 96.73 96.81 96.86 96.96 97.07 97.09 97.15 97.27 97.33 97.38 97.48 97.53 97.64 97.7 97.84 97.89 97.96 98.03 98.08 98.16 98.24 98.34 98.47 98.65 98.79 98.92 99.11 99.25 99.41 99.6 99.82 100.01 100.33 100.65 100.9 101.19 101.53 101.78 102.03 102.14 102.33 102.41 102.58 102.72 102.79 102.91 103.05 103.13 103.18 103.32 103.27 103.32 103.28 103.22 103.08 103.06 103.04 102.99 -9999 -9999 -9999 -9999 -9999 -9999 -9999 -9999 -9999 -9999 -9999 -9999 -9999 -9999 -9999 -9999
96.74 96.75 96.8 96.87 96.97 97 97.06 97.17 97.18 97.28 97.4 97.41 97.44 97.56 97.69 97.7 97.83 97.92 97.99 98.04 98.11 98.25 98.31 98.4 98.5 98.62 98.81 98.99 99.17 99.34 99.5 99.72 99.9 100.09 100.29 100.61 100.88 101.18 101.51 101.75 101.96 102.19 102.37 102.54 102.68 102.83 102.88 102.98 103.1 103.18 103.29 103.42 103.43 103.45 103.45 103.44 103.31 103.27 103.22 103.21 -9999 -9999 -9999 -9999 -9999 -9999 -9999 -9999 -9999 -9999 -9999 -9999 -9999 -9999 -9999 -9999 -9999
96.84 96.92 97 97.04 97.08 97.2 97.23 97.32 97.36 97.41 97.52 97.56 97.6 97.66 97.78 97.85 97.95 98.04 98.09 98.19 98.31 98.32 98.45 98.56 98.65 98.8 99 99.18 99.39 99.57 99.8 99.97 100.23 100.47 100.68 100.95 101.23 101.49 101.8 102.01 102.23 102.4 102.55 102.7 102.87 103.04 103.15 103.25 103.32 103.44 103.5 103.57 103.61 103.62 103.61 103.45 103.36 103.3 103.33 103.31 -9999 -9999 -9999 -9999 -9999 -9999 -9999 -9999 -9999 -9999 -9999 -9999 -9999 -9999 -9999 -9999 -9999
96.99 97.03 97.17 97.24 97.32 97.4 97.45 97.47 97.54 97.56 97.62 97.66 97.74 97.81 97.87 97.95 98.05 98.14 98.2 98.32 98.37 98.48 98.54 98.64 98.78 98.97 99.12 99.34 99.61 99.8 100.07 100.27 100.5 100.8 101.05 101.34 101.61 101.83 102.09 102.31 102.48 102.62 102.77 102.92 103.04 103.14 103.29 103.36 103.51 103.65 103.68 103.74 103.81 103.7 103.62 103.54 103.46 103.6 103.52 -9999 -9999 -9999 -9999 -9999 -9999 -9999 -9999 -9999 -9999 -9999 -9999 -9999 -9999 -9999 -9999 -9999 -9999
97.06 97.15 97.26 97.39 97.48 97.59 97.61 97.64 97.71 97.72 97.77 97.79 97.85 97.94 98.01 98.11 98.19 98.28 98.36 98.46 98.46 98.6 98.68 98.78 98.92 99.09 99.29 99.52 99.75 100.08 100.32 100.55 100.9 101.14 101.37 101.61 101.92 102.11 102.3 102.55 102.7 102.85 103.02 103.07 103.21 103.29 103.48 103.57 103.62 103.71 103.81 103.88 103.9 103.83 103.73 103.62 103.69 103.62 -9999 -9999 -9999 -9999 -9999 -9999 -9999 -9999 -9999 -9999 -9999 -9999 -9999 -9999 -9999 -9999 -9999 -9999 -9999
97.21 97.28 97.36 97.5 97.57 97.72 97.77 97.77 97.85 97.84 97.86 97.94 98.02 98.06 98.17 98.23 98.34 98.43 98.47 98.53 98.6 98.73 98.8 98.89 99.06 99.24 99.45 99.68 99.97 100.18 100.53 100.79 101.07 101.39 101.65 101.91 102.21 102.35 102.58 102.81 102.96 103.05 103.18 103.25 103.35 103.53 103.59 103.7 103.81 103.89 103.89 103.92 103.92 103.9 103.86 103.91 103.78 103.68 -9999 -9999 -9999 -9999 -9999 -9999 -9999 -9999 -9999 -9999 -9999 -9999 -9999 -9999 -9999 -9999 -9999 -9999 -9999
97.28 97.34 97.48 97.6 97.74 97.82 97.88 97.9 97.95 97.93 97.99 98.09 98.12 98.19 98.28 98.37 98.47 98.56 98.62 98.69 98.8 98.84 98.91 99.06 99.22 99.35 99.57 99.79 100.09 100.38 100.73 101.02 101.39 101.62 101.85 102.15 102.46 102.64 102.85 103.05 103.13 103.22 103.35 103.38 103.53 103.64 103.73 103.82 103.96 103.96 103.97 103.91 103.84 104 103.95 103.96 -9999 -9999 -9999 -9999 -9999 -9999 -9999 -9999 -9999 -9999 -9999 -9999 -9999 -9999 -9999 -9999 -9999 -9999 -9999 -9999 -9999
97.36 97.46 97.55 97.68 97.8 97.89 97.95 97.98 98.05 98.05 98.09 98.13 98.23 98.3 98.42 98.52 98.61 98.67 98.74 98.84 98.95 98.97 99.07 99.23 99.34 99.5 99.73 99.95 100.23 100.65 100.91 101.24 101.52 101.81 102.09 102.43 102.63 102.81 103.04 103.23 103.32 103.38 103.51 103.6 103.71 103.82 103.92 104 104.02 104.03 104.08 103.99 104.1 104.09 104.08 -9999 -9999 -9999 -9999 -9999 -9999 -9999 -9999 -9999 -9999 -9999 -9999 -9999 -9999 -9999 -9999 -9999 -9999 -9999 -9999 -9999 -9999
97.43 97.54 97.63 97.75 97.87 97.98 98.03 98.09 98.13 98.16 98.2 98.26 98.35 98.44 98.5 98.63 98.78 98.83 98.96 99.03 99.11 99.18 99.25 99.36 99.52 99.62 99.91 100.13 100.41 100.82 101.07 101.39 101.74 101.96 102.26 102.51 102.77 103.01 103.17 103.33 103.48 103.54 103.64 103.73 103.82 103.89 103.99 104.08 104.02 104.04 104.17 104.21 104.13 104.14 -9999 -9999 -9999 -9999 -9999 -9999 -9999 -9999 -9999 -9999 -9999 -9999 -9999 -9999 -9999 -9999 -9999 -9999 -9999 -9999 -9999 -9999 -9999
97.51 97.59 97.66 97.84 97.93 98.04 98.12 98.17 98.22 98.28 98.34 98.37 98.48 98.55 98.67 98.76 98.91 98.97 99.11 99.2 99.3 99.32 99.45 99.58 99.67 99.81 100.11 100.28 100.58 100.95 101.3 101.56 101.89 102.16 102.43 102.66 102.92 103.12 103.33 103.44 103.54 103.7 103.73 103.84 103.91 104.04 104.09 104.14 104.1 104.22 104.21 104.24 104.16 -9999 -9999 -9999 -9999 -9999 -9999 -9999 -9999 -9999 -9999 -9999 -9999 -9999 -9999 -9999 -9999 -9999 -9999 -9999 -9999 -9999 -9999 -9999 -9999
97.57 97.65 97.73 97.85 98 98.04 98.2 98.23 98.3 98.4 98.39 98.5 98.6 98.7 98.8 98.93 99.03 99.17 99.24 99.34 99.44 99.57 99.69 99.79 99.89 100.08 100.3 100.48 100.79 101.12 101.42 101.72 102.02 102.27 102.55 102.8 103.04 103.25 103.46 103.51 103.66 103.75 103.83 103.92 103.97 104.03 104.16 104.21 104.27 104.31 104.32 -9999 -9999 -9999 -9999 -9999 -9999 -9999 -9999 -9999 -9999 -9999 -9999 -9999 -9999 -9999 -9999 -9999 -9999 -9999 -9999 -9999 -9999 -9999 -9999 -9999 -9999
97.66 97.72 97.81 97.94 98.04 98.16 98.26 98.3 98.4 98.43 98.53 98.62 98.77 98.81 98.93 99.04 99.18 99.26 99.45 99.53 99.62 99.76 99.87 100.02 100.14 100.33 100.49 100.76 101.05 101.28 101.54 101.91 102.15 102.41 102.63 102.91 103.13 103.31 103.53 103.64 103.74 103.84 103.89 103.96 104.01 104.08 104.23 104.33 104.37 104.36 104.33 -9999 -9999 104.49 105.54 -9999 -9999 -9999 -9999 -9999 -9999 -9999 -9999 -9999 -9999 -9999 -9999 -9999 -9999 -9999 -9999 -9999 -9999 -9999 -9999 -9999 -9999
97.72 97.83 97.89 97.97 98.12 98.24 98.33 98.4 98.5 98.6 98.66 98.74 98.86 98.94 99.07 99.17 99.28 99.44 99.59 99.71 99.82 99.99 100.15 100.22 100.39 100.56 100.72 101.08 101.23 101.51 101.82 102.04 102.29 102.49 102.76 102.95 103.18 103.38 103.55 103.71 103.81 103.85 103.88 103.97 104.1 104.21 104.34 104.41 104.41 104.41 -9999 104.04 105.46 105.49 105.47 105.6 105.64 105.67 -9999 -9999 -9999 -9999 -9999 -9999 -9999 -9999 -9999 -9999 -9999 -9999 -9999 -9999 -9999 -9999 -9999 -9999 -9999
97.83 97.9 97.94 98.07 98.23 98.31 98.37 98.46 98.57 98.67 98.74 98.87 98.94 99.06 99.2 99.26 99.44 99.6 99.7 99.91 100.06 100.22 100.3 100.49 100.67 100.82 101.04 101.27 101.47 101.73 101.96 102.21 102.43 102.65 102.85 103.07 103.2 103.44 103.56 103.75 103.83 103.92 103.93 103.95 104.28 104.32 104.41 104.46 104.51 104.23 104.73 105.41 105.38 105.5 105.59 105.66 105.66 105.71 105.72 -9999 -9999 -9999 -9999 -9999 -9999 -9999 -9999 -9999 -9999 -9999 -9999 -9999 -9999 -9999 -9999 -9999 -9999
97.91 97.99 98.07 98.19 98.28 98.4 98.49 98.59 98.64 98.78 98.84 98.98 99.08 99.22 99.33 99.51 99.6 99.77 99.87 100.01 100.17 100.35 100.51 100.67 100.88 100.99 101.25 101.45 101.66 101.85 102.07 102.31 102.51 102.77 102.91 103.12 103.28 103.48 103.63 103.77 103.81 103.95 103.93 104.2 104.34 104.41 104.49 104.54 104.39 105.18 105.23 105.31 105.48 105.55 105.69 105.65 105.71 105.68 105.8 105.84 -9999 -9999 -9999 -9999 -9999 -9999 -9999 -9999 -9999 -9999 -9999 -9999 -9999 -9999 -9999 -9999 -9999
98.04 98.09 98.16 98.27 98.38 98.49 98.56 98.67 98.77 98.86 98.99 99.08 99.16 99.32 99.42 99.57 99.71 99.87 99.93 100.13 100.36 100.55 100.68 100.85 101.03 101.24 101.48 101.64 101.86 102.03 102.28 102.4 102.63 102.8 102.97 103.15 103.36 103.5 103.67 103.73 103.86 103.87 104.17 104.3 104.38 104.53 104.64 104.5 105.12 105.13 105.25 105.42 105.55 105.61 105.62 105.67 105.76 105.8 105.86 105.92 -9999 105.99 106.03 -9999 -9999 -9999 -9999 -9999 -9999 -9999 -9999 -9999 -9999 -9999 -9999 -9999 -9999
98.18 98.23 98.29 98.39 98.5 98.6 98.69 98.8 98.86 98.97 99.08 99.17 99.31 99.45 99.56 99.69 99.83 99.97 100.16 100.3 100.49 100.61 100.87 101.03 101.23 101.42 101.66 101.86 102.01 102.19 102.36 102.58 102.7 102.91 103.03 103.21 103.34 103.51 103.62 103.7 103.82 104.11 104.21 104.34 104.5 104.59 104.5 105.09 105.04 105.16 105.33 105.48 105.56 105.64 105.67 105.71 105.76 105.82 105.88 105.9 106 106.01 106.11 106.16 -9999 -9999 -9999 -9999 -9999 -9999 -9999 -9999 -9999 -9999 -9999 -9999 -9999
98.23 98.32 98.37 98.5 98.6 98.67 98.82 98.88 98.95 99.05 99.2 99.28 99.4 99.59 99.67 99.79 99.97 100.06 100.25 100.43 100.55 100.75 100.96 101.11 101.37 101.6 101.76 101.94 102.12 102.31 102.47 102.63 102.81 102.95 103.1 103.27 103.37 103.49 103.62 103.73 103.96 104.1 104.25 104.4 104.58 104.45 104.97 104.95 105.08 105.23 105.36 105.44 105.54 105.57 105.71 105.73 105.79 105.83 105.88 105.95 106.03 106.09 106.13 106.19 106.21 -9999 -9999 -9999 -9999 -9999 -9999 -9999 -9999 -9999 -9999 -9999 -9999
98.38 98.49 98.51 98.58 98.74 98.79 98.92 98.99 99.07 99.17 99.28 99.36 99.53 99.6 99.73 99.91 100.03 100.19 100.37 100.53 100.71 100.89 101.05 101.24 101.43 101.67 101.84 102.02 102.27 102.36 102.52 102.74 102.88 102.99 103.15 103.3 103.41 103.5 103.61 103.79 103.97 104.19 104.39 104.48 104.35 104.89 104.86 105.01 105.09 105.24 105.32 105.46 105.55 105.6 105.72 105.78 105.81 105.89 105.95 106.01 106.04 106.17 106.14 106.21 106.24 -9999 -9999 -9999 -9999 -9999 -9999 -9999 -9999 -9999 -9999 -9999 -9999
98.46 98.52 98.65 98.77 98.86 98.95 99.02 99.1 99.18 99.33 99.38 99.47 99.61 99.7 99.84 100.02 100.11 100.28 100.51 100.63 100.81 100.99 101.2 101.34 101.6 101.81 101.95 102.1 102.32 102.49 102.58 102.77 102.9 103.04 103.18 103.29 103.4 103.47 103.65 103.87 104.04 104.16 104.4 104.25 104.82 104.79 104.95 105.03 105.12 105.2 105.33 105.44 105.56 105.65 105.75 105.8 105.83 105.92 105.95 106.04 106.12 106.18 106.27 106.26 106.3 106.3 106.32 -9999 -9999 -9999 -9999 -9999 -9999 -9999 -9999 -9999 -9999
98.64 98.72 98.78 98.89 98.91 99.09 99.16 99.27 99.34 99.35 99.5 99.61 99.73 99.85 99.93 100.11 100.2 100.36 100.58 100.7 100.91 101.06 101.28 101.5 101.65 101.91 102.03 102.19 102.36 102.52 102.7 102.86 103 103.08 103.22 103.28 103.38 103.47 103.79 103.94 104.13 104.27 104.14 104.68 104.64 104.82 104.95 105.03 105.15 105.24 105.4 105.45 105.54 105.66 105.74 105.82 105.87 105.94 106.02 106.1 106.15 106.25 106.27 106.31 106.34 106.35 106.34 -9999 -9999 -9999 -9999 -9999 -9999 -9999 -9999 -9999 -9999
98.83 98.87 99.02 99.04 99.09 99.22 99.29 99.31 99.45 99.52 99.64 99.73 99.81 99.92 100.04 100.2 100.31 100.43 100.63 100.82 100.96 101.19 101.37 101.59 101.73 101.94 102.1 102.28 102.42 102.55 102.72 102.9 103.01 103.1 103.17 103.31 103.46 103.65 103.88 104.02 104.11 104.07 104.53 104.57 104.72 104.85 104.91 105 105.2 105.28 105.36 105.48 105.55 105.69 105.76 105.88 105.93 105.96 106.09 106.13 106.23 106.25 106.31 106.32 106.32 106.41 -9999 -9999 -9999 -9999 -9999 -9999 -9999 -9999 -9999 -9999 -9999
98.97 99.07 99.11 99.2 99.27 99.37 99.41 99.48 99.57 99.62 99.73 99.87 99.99 100.09 100.2 100.3 100.4 100.56 100.71 100.88 101.05 101.24 101.44 101.61 101.81 101.95 102.15 102.34 102.47 102.6 102.79 102.92 102.99 103.12 103.17 103.36 103.51 103.69 103.88 104.01 103.98 104.45 104.48 104.6 104.71 104.85 104.91 105.05 105.22 105.32 105.41 105.51 105.64 105.72 105.83 105.87 106.01 106 106.1 106.19 106.22 106.29 106.34 106.32 106.38 106.42 106.45 -9999 -9999 -9999 -9999 -9999 -9999 -9999 -9999 -9999 -9999
99.12 99.25 99.28 99.4 99.48 99.53 99.59 99.62 99.74 99.78 99.87 99.99 100.07 100.15 100.33 100.42 100.56 100.7 100.81 100.92 101.16 101.33 101.49 101.67 101.81 102.01 102.17 102.31 102.5 102.62 102.82 102.98 103.04 103.12 103.14 103.45 103.6 103.74 103.91 104.05 104.3 104.38 104.48 104.6 104.73 104.84 105.01 105.08 105.19 105.37 105.4 105.56 105.65 105.77 105.86 105.94 106.01 106.03 106.14 106.21 106.29 106.31 106.4 106.38 106.44 106.42 106.41 -9999 -9999 -9999 -9999 -9999 -9999 -9999 -9999 -9999 -9999
